../2-4/shanx016.krn 16,16,16,16,16,16,19,19,12,12,12,12,12,12,16,16,7,7,7,4,0,0,9,9,2,2,2,2,2,2,2,2,16,16,16,16,19,19,12,12,12,12,12,12,16,16,7,7,7,4,0,0,9,9,7,7,7,7,7,7,7,7
../2-4/shanx033.krn 0,0,-5,-5,-5,-5,12,12,7,7,7,7,7,7,4,4,12,12,4,4,2,0,2,4,4,4,7,0,0,-3,-5,2,2,2,2,2,2,2,2,0,0,-5,-5,-5,-5,12,12,7,7,7,7,7,7,4,4,12,12,4,4,2,0,2,4,4,4,7,2,0,-3,0,-5,-5,-5,-5,-5,-5,-5,-5
../2-4/shanx075.krn 7,7,2,2,7,9,7,7,2,2,7,7,2,0,-1,-1,7,9,7,7,7,7,2,0,-1,0,2,0,-5,-5,-5,-5,7,9,7,7,7,2,0,0,7,9,7,7,2,4,2,0,-1,0,2,0,-5,-5,-5,-5
../2-4/shanx084.krn 4,4,7,7,7,7,7,9,7,7,2,2,2,2,7,7,7,7,7,2,7,7,7,2,0,0,0,0,-3,-3,-5,-5,2,2,2,2,2,2,4,2,0,0,0,0,-3,-3,-5,-5,7,7,7,2,7,7,7,2,0,0,0,0,-3,-3,-5,-5,2,2,2,4,7,7,7,12,4,4,2,4,2,2,-3,-3,-5,-5,-5,-5,-5,-5,-5,-5
../2-4/shanx086.krn 7,7,9,7,4,7,4,2,7,7,9,7,4,7,4,2,0,0,0,-3,7,9,7,4,2,4,2,-3,0,0,0,0,0,0,0,2,7,9,7,2,0,2,4,9,7,4,2,0,2,-3,-3,-5,0,2,7,2,0,-1,-3,-8,-5,-5,-5,-5,7,2,7,9,7,4,2,0,2,-3,-3,-5,0,2,7,2,0,-1,-3,-8,-5,-5,-5,-5
../2-4/shanx088.krn 7,7,12,12,7,7,4,4,7,4,7,9,12,12,12,12,16,16,14,16,12,12,12,12,9,7,9,12,7,7,7,7,9,7,9,12,7,7,7,7,0,2,4,2,4,4,4,4,7,9,7,4,2,2,2,2,7,4,7,7,9,7,4,2,0,0,0,0,0,0,0,0,16,16,14,16,12,12,12,12,9,7,9,12,7,7,7,7,9,7,9,12,7,7,7,7,12,12,9,7,12,12,9,7,4,7,9,12,7,7,7,7,12,9,12,12,9,12,9,7,4,4,2,2,7,7,4,2,0,0,0,0,0,0,0,0
../2-4/shanx089.krn 0,0,0,-3,7,7,7,7,12,12,12,9,7,7,7,7,2,2,0,0,0,0,-3,-3,7,9,4,2,0,0,0,0,2,2,2,4,7,7,7,-3,0,0,0,-3,-5,-5,-5,-5,2,2,4,2,0,0,0,0,2,2,2,4,7,7,7,-3,0,0,0,-3,-5,-5,-5,-5
../2-4/shanx093.krn 7,7,7,9,7,7,7,7,7,7,4,2,0,0,0,0,2,2,7,7,9,9,4,2,2,2,-3,-3,-5,-5,-5,-5,4,2,0,-3,0,0,0,0,2,2,7,7,9,9,4,2,2,2,-3,-3,-5,-5,-5,-5
../2-4/shanx094.krn 2,2,2,2,-3,-3,0,0,2,2,2,2,2,2,2,2,7,7,7,9,7,7,4,4,2,2,2,7,4,4,2,2,0,0,0,0,-5,-5,-3,-3,0,0,0,0,0,0,0,0,2,2,2,4,2,2,0,0,2,2,-3,-3,-3,-3,-5,-5,-3,-3,-3,-3,-3,-3,-3,-3,2,2,2,2,-8,-8,-5,-5,-3,-3,-3,-3,-3,-3,-3,-3,0,0,0,2,0,0,-3,-3,-5,-5,0,0,-3,-3,-5,-5,-7,-7,-7,-7,-12,-12,-10,-10,-7,-7,-7,-7,-7,-7,-7,-7,-5,-5,-5,9,-5,-5,-7,-7,-5,-5,-10,-10,-10,-10,-12,-12,-10,-10,-10,-10,-10,-10,-10,-10,2,2,2,2,-3,-3,0,0,2,2,2,2,2,2,2,2,9,9,12,12,7,7,4,4,2,2,2,2,2,2,2,2,9,9,12,12,7,7,4,4,2,2,7,7,2,2,0,0,-3,-3,0,0,-5,-5,-3,-3,0,0,0,0,0,0,0,0,2,2,4,4,2,2,0,0,2,2,-3,-3,-3,-3,-5,-5,-3,-3,-3,-3,-3,-3,-3,-3
../2-4/shanx096.krn 7,7,7,7,9,9,7,7,5,5,4,4,2,2,2,2,7,7,7,7,-3,-3,0,0,2,2,2,2,2,2,2,2,2,2,7,7,4,4,7,7,2,2,4,4,2,2,0,0,2,2,0,0,2,2,-3,-3,-5,-5,-5,-5,-5,-5,-5,-5,2,2,4,4,2,4,2,0,-3,-3,0,0,-5,-5,-5,-5,9,9,12,12,9,12,9,7,5,5,7,9,7,7,4,4,2,2,2,2,2,2,4,4,7,7,7,7,-3,-3,0,0,2,2,2,2,2,2,2,2,0,0,2,2,0,0,-3,-3,-5,-5,-5,-5,-5,-5,-5,-5
../2-4/shanx099.krn 2,2,2,4,7,7,7,7,7,12,7,4,2,2,2,2,4,4,4,4,2,4,2,0,2,0,-3,-3,-5,-5,-5,-5,-3,-3,0,0,-3,-3,0,0,-3,-3,-5,-5,-3,-3,-3,-3,7,7,7,9,7,7,4,2,4,2,0,0,2,2,2,4,2,0,-3,-3,-5,-5,-5,-5
../2-4/shanx100.krn 2,2,0,0,2,2,4,4,7,7,2,2,2,2,0,0,2,2,2,0,-3,-3,0,0,-5,-5,-5,-5,-5,-5,-10,-10,-5,-5,-5,-3,0,0,2,2,2,2,0,0,0,0,-3,-3,0,0,0,0,0,0,-3,-3,-5,-5,-3,-3,-5,-5,-8,-8,-10,-10,-10,-10,-10,-10,-10,-10
../2-4/shanx103.krn 7,7,12,12,12,12,7,7,5,5,5,5,4,4,2,2,0,0,0,-2,-3,-3,0,0,2,2,2,2,2,2,2,2,2,2,7,7,-3,-3,-5,-5,0,0,2,2,7,7,7,7,0,0,-3,-5,-7,-7,-10,-10,-5,-5,-5,-5,-5,-5,-5,-5,0,0,0,2,-3,-3,-5,-5,0,0,2,2,-5,-5,-5,-5,0,0,7,7,5,5,7,7,12,12,12,12,7,7,12,12,5,5,5,5,4,4,4,4,2,2,0,0,-2,-2,-3,-3,-5,-5,-5,-5,-5,-5,2,2,0,0,2,2,0,2,-2,-3,-5,-5,-5,-5,-5,-5,-5,-5
../2-4/shanx112.krn 7,7,9,9,2,2,2,2,7,7,9,9,2,2,2,2,7,7,7,7,9,9,7,7,7,7,0,0,2,2,2,2,7,7,7,7,9,9,7,7,5,5,9,9,7,7,7,7,-3,-3,0,0,2,2,2,2,5,5,5,2,0,0,4,4,2,0,-3,-3,-5,-5,-5,-5
../2-4/shanx115.krn 2,2,2,2,4,2,0,-3,2,2,2,4,2,2,2,0,7,7,9,7,5,4,7,4,2,2,2,4,2,0,-3,-3,0,0,0,0,2,0,2,4,0,0,0,2,0,0,0,0,9,12,9,7,5,5,7,7,9,12,9,7,5,4,7,4,2,2,2,4,2,0,-3,-3,0,0,0,0,-3,0,-3,0,2,2,0,0,4,7,4,2,0,2,4,4,7,4,2,0,-3,-3,-3,0,-3,-5,-8,-8,-5,-5,-5,-5,-3,-5,-3,0,-5,-5,-5,-3,-5,-5,-5,-5
../2-4/shanx123.krn 9,9,9,9,12,12,12,9,7,4,7,7,4,7,4,7,9,9,9,12,12,9,7,4,4,2,2,0,2,2,2,2,9,9,9,9,12,12,12,9,7,4,7,7,4,7,4,7,9,9,9,12,12,9,7,4,4,2,2,0,2,2,2,2,2,2,7,4,2,2,2,7,4,2,0,4,2,2,2,2,2,2,7,4,2,2,2,7,4,2,0,4,2,2,2,2,2,2,7,7,4,7,4,2,7,7,7,-3,0,0,0,0,2,2,7,7,2,7,2,0,-3,-3,2,2,2,2,-1,-3,-5,-5,-5,-3,-5,-5,-5,-5
../2-4/shanx124.krn 16,16,16,14,16,16,16,14,16,19,16,14,16,16,9,9,9,9,9,12,9,9,11,11,9,11,9,7,16,16,0,0,9,4,7,7,7,7,4,4,7,7,19,14,16,19,16,14,19,19,9,9,9,9,9,12,9,9,9,11,9,11,9,7,4,4,0,0,9,12,9,7,4,4,0,0,19,19,14,12,9,9,0,0,9,9,9,12,9,9,9,11,9,11,9,7,4,4,0,0
../2-4/shanx127.krn 0,0,14,14,12,12,11,11,9,9,7,4,9,9,2,2,0,0,12,12,11,11,9,9,7,7,5,4,2,2,4,4,7,7,7,7,7,7,7,7,12,12,11,11,9,9,7,7,0,0,0,-1,-3,-3,0,0,2,2,2,2,0,0,0,0,2,2,2,2,7,7,7,7,5,5,5,5,4,4,2,2,0,0,0,0,-1,-1,-3,-3,2,2,2,2,2,2,2,2,12,12,11,11,9,9,7,7,12,12,5,5,4,4,2,2,7,7,7,7,0,0,0,0
../2-4/shanx135.krn 7,7,9,9,12,12,12,12,12,9,7,7,7,7,9,9,12,12,12,12,9,12,9,7,9,7,4,4,4,4,2,2,4,2,4,4,4,4,4,4,7,7,9,9,12,12,12,12,12,9,7,7,7,7,9,9,12,12,12,12,9,12,9,7,9,7,4,4,4,4,2,2,4,2,4,4,4,4,4,4,2,4,-3,-3,0,0,0,0,4,4,12,12,9,9,7,7,4,7,4,4,2,2,0,0,-3,-3,-5,-5,-3,-3,-3,-3,0,0,0,0,0,0,2,2,4,4,12,12,9,9,7,7,9,7,0,0,0,0,2,2,4,4,4,4,7,7,7,4,2,4,2,2,4,2,0,0,2,0,-3,-3,-3,-3,-5,-5,-3,-3,-3,-3,-3,-3,-3,-3
../2-4/shanx141.krn 0,0,0,2,4,5,4,2,0,-3,4,2,0,0,0,0,0,0,0,2,4,5,4,2,0,-3,4,2,0,0,0,0,-3,-3,0,-5,-3,-3,-3,-3,0,-3,4,2,0,0,0,0,7,9,12,12,9,12,9,7,4,2,2,4,7,9,4,2,0,0,0,0
../2-4/shanx142.krn 4,4,4,7,9,12,9,7,7,9,7,4,2,2,2,2,7,7,4,2,7,7,4,2,7,7,4,9,7,7,7,7,7,12,9,7,4,5,4,2,4,5,4,2,0,0,0,0,9,11,9,7,9,12,4,7,9,11,9,7,9,9,9,9,2,2,2,4,2,2,0,0,-3,-3,-3,-3
../2-4/shanx146.krn 12,12,12,12,4,4,4,7,9,9,11,11,9,9,7,7,12,12,12,12,4,4,7,7,9,9,9,9,7,7,9,9,12,12,12,12,0,0,0,0,12,12,12,12,9,9,9,7,4,4,7,7,9,9,4,4,7,7,7,7,7,7,7,7,7,7,7,9,12,12,12,12,9,9,11,11,9,9,7,7,0,0,0,0,0,0,-3,-3,0,0,0,0,0,0,2,2,4,4,4,4,4,4,4,4,0,0,4,4,4,4,4,4,4,4,4,4,12,12,12,12,9,9,7,7,0,0,0,0,0,0,0,2,7,7,7,7,4,4,4,4,2,0,-3,-5,-5,-5,-5,-5,-5,-5,-5
../2-4/shanx158.krn 14,14,14,14,14,14,14,14,9,9,9,9,9,9,9,9,14,14,7,7,7,7,7,9,12,12,9,12,14,14,14,14,9,9,12,12,5,5,2,2,7,7,7,7,7,7,7,7,14,14,19,19,14,14,12,12,9,9,7,9,2,2,2,2,14,14,14,14,14,14,14,14,9,9,12,12,5,5,7,5,2,2,2,2,2,2,2,2
../2-4/shanx159.krn 4,4,7,7,9,9,7,9,12,12,9,9,7,7,9,9,2,2,7,7,9,7,4,2,0,0,0,0,0,0,0,0,4,4,7,7,9,9,7,9,4,4,9,9,7,7,2,2,0,0,-1,-3,-5,-5,-5,-5,0,0,-5,-3,-1,-1,-3,-3,-5,-5,-5,-5,-5,-5,-5,-5
../2-4/shanx168.krn 7,7,7,7,5,5,7,7,0,0,9,9,9,9,4,4,2,2,2,2,4,4,4,4,-3,-3,0,0,0,0,2,2,2,2,-3,-3,-5,-5,-5,-5,9,9,7,7,9,9,7,7,5,5,9,9,7,7,4,4,2,2,2,0,-3,-3,0,0,0,0,2,2,2,2,-3,-3,-5,-5,-5,-5
../2-4/shanx170.krn 9,9,12,12,7,7,7,7,9,9,12,12,7,7,7,7,9,9,12,12,7,7,4,4,2,2,2,2,2,2,2,2,2,2,2,2,7,7,7,7,2,2,4,2,0,0,-1,-1,2,2,2,2,0,0,-3,-3,-5,-5,-5,-5,-5,-5,-5,-5,0,0,-3,-3,0,0,0,0,2,2,7,7,2,2,7,7,2,2,7,7,2,2,0,0,-1,-1,-1,-1,-1,-1,-1,-1,2,2,2,2,7,7,7,7,12,12,12,12,9,9,7,7,0,0,5,4,2,2,2,2,0,0,-3,-3,0,0,-3,-3,-5,-5,-5,-5,-5,-5,-5,-5
../2-4/shanx181.krn 14,14,14,16,14,14,16,16,14,14,14,16,14,14,16,16,12,12,12,12,11,11,14,14,11,11,9,9,7,7,7,7,12,12,12,12,11,11,14,14,11,11,9,9,7,7,7,7,12,12,12,14,16,16,16,14,12,12,12,14,9,9,7,7,4,7,4,7,16,16,14,16,7,7,7,7,7,7,7,7,14,14,14,16,14,14,16,16,14,14,14,16,14,14,16,16,12,12,12,12,11,11,14,14,11,11,9,9,7,7,7,7,12,12,12,12,11,11,14,14,11,11,9,9,7,7,7,7,12,12,12,14,16,16,14,14,12,12,14,14,9,9,7,7,12,12,12,16,14,14,16,16,12,12,14,14,9,9,7,7,12,12,12,14,9,9,7,7,12,12,12,16,14,14,16,16,12,12,14,14,9,9,7,7,4,7,4,7,16,16,14,16,7,7,7,7,7,7,7,7
../2-4/shanx189.krn 12,12,12,9,12,12,9,7,12,12,12,9,12,12,9,7,12,12,9,7,4,4,2,4,7,7,7,7,7,7,7,7,0,0,12,12,4,4,7,7,9,9,9,7,4,4,2,2,0,0,2,7,-3,-3,0,-3,-5,-5,-5,-5,-5,-5,-5,-5,4,4,4,4,2,4,2,7,-3,-3,0,0,-5,-5,-5,-3,0,0,0,0,-3,-3,0,0,2,2,2,4,7,7,9,9,12,12,12,9,12,9,7,7,9,9,9,7,-3,-3,-3,0,2,4,2,-3,-5,-5,-5,-5
../2-4/shanx192.krn 7,7,7,9,7,7,2,7,7,7,12,9,9,7,7,2,2,2,2,7,7,2,2,0,0,-3,-3,0,0,0,0,2,2,2,2,9,7,7,7,5,5,7,7,2,2,2,0,-3,-3,-3,-10,0,0,-3,-3,-5,-5,-5,-5,-5,-5,-5,-5
../2-4/shanx195.krn 2,2,2,4,7,7,7,7,9,12,9,9,7,7,4,9,7,4,2,4,0,0,-3,0,2,2,2,0,7,9,7,7,4,2,7,0,2,2,2,0,2,4,7,7,4,7,7,2,-3,-3,0,0,2,4,2,2,-1,-1,-1,-3,-5,-5,-5,-5,-3,0,-3,0,2,2,2,2,4,7,2,0,-3,-3,0,2,-5,-5,-5,0,-3,-5,-10,-8,-5,-5,-5,-5
../2-4/shanx203.krn 7,7,9,9,12,12,12,12,12,12,9,9,7,7,7,7,9,9,9,12,7,7,4,4,2,2,4,7,2,2,2,2,7,7,9,9,12,12,12,12,12,12,9,9,7,7,7,7,7,7,7,9,7,7,4,4,2,2,4,4,2,2,2,2,7,7,4,4,7,7,7,7,0,2,4,7,2,2,2,2,7,7,4,4,7,7,7,7,0,0,4,4,2,2,4,4,0,0,0,0,0,0,0,0,7,7,7,12,9,9,7,7,4,4,4,4,4,4,4,4,2,2,2,4,7,7,7,7,9,9,-3,-3,0,0,0,0,2,2,2,4,0,0,-3,-3,-5,-5,-5,-5,-5,-5,-5,-5,0,0,0,0,-3,-3,-5,-5,0,0,0,0,-3,-3,-5,-5,2,2,2,4,7,7,7,7,9,9,7,7,0,0,0,0,2,2,4,4,0,0,0,-3,-5,-5,-5,-5,-5,-5,-5,-5,7,7,7,12,9,12,9,7,12,12,4,4,7,7,7,7,2,2,2,7,4,7,4,2,7,7,-3,-3,0,0,0,0,2,2,4,4,2,2,4,4,9,9,-3,-3,0,0,0,0,2,2,4,4,0,0,0,-3,-5,-5,-5,-5,-5,-5,-5,-5
../2-4/shanx207.krn 12,12,12,14,9,9,9,9,4,2,4,4,7,7,7,7,12,12,12,12,9,12,9,7,4,4,2,4,7,7,7,7,7,7,7,9,7,7,9,9,12,12,12,12,12,12,9,12,7,7,7,7,7,7,7,7,0,0,0,2,4,4,4,4,0,0,2,4,2,2,2,2,4,4,4,2,4,4,4,4,12,12,9,12,7,7,7,7
../2-4/shanx211.krn 7,7,7,7,4,4,9,12,7,7,7,7,7,7,7,7,12,12,9,7,4,4,7,7,2,2,2,2,2,2,2,2,7,7,7,7,9,9,7,7,4,4,7,7,-2,-2,-2,-2,2,2,2,2,2,2,-5,-5,-3,-3,0,0,2,2,2,2,2,2,-3,0,-5,-5,-5,-5
../2-4/shanx215.krn 12,12,4,4,7,7,7,9,12,12,11,9,4,4,4,4,16,16,16,14,16,19,16,14,12,12,11,9,4,4,4,4,12,12,7,9,12,12,12,12,7,7,9,12,9,9,9,7,4,4,4,2,4,4,4,2,0,0,0,0,0,0,16,16,14,14,16,16,9,9,14,14,12,12,12,12,16,16,11,9,7,7,7,7,9,9,7,4,2,2,2,2,7,7,9,9,12,12,12,12,12,12,16,16,14,14,16,16,9,9,14,14,12,12,12,12,7,7,7,7,9,9,9,9,4,4,4,4,2,2,0,0,0,0,0,0
../2-4/shanx220.krn 7,7,9,12,7,7,9,9,9,9,7,4,2,2,2,2,7,7,9,12,7,7,9,9,9,7,5,4,2,2,2,2,2,4,7,7,4,7,4,2,4,7,4,2,0,0,0,0,2,0,2,4,-5,-3,0,0,-3,-5,-8,-10,-5,-5,-5,-5,0,0,-5,-3,0,-3,0,0,2,0,2,4,-5,-3,0,0,-3,-5,-8,-10,-5,-5,-5,-5
../2-4/shanx225.krn 0,0,7,7,7,7,7,7,7,7,9,9,7,7,5,5,2,2,5,5,7,7,5,5,2,2,2,2,-5,-5,-5,-5,7,7,7,7,5,5,2,2,0,0,2,2,-5,-5,-5,-5,-1,-1,-1,0,-5,-5,-5,-5,-1,-1,-1,0,2,2,7,7,7,7,0,0,2,2,2,2,7,7,7,7,5,5,7,7,5,5,5,5,2,2,2,2,2,2,-5,-5,-1,-1,0,0,2,2,2,2,7,7,7,7,-1,-1,2,2,0,0,-3,-3,-5,-5,-5,-5,-5,-5,-5,-5
../2-4/shanx231.krn 12,12,9,7,12,12,9,7,12,9,12,14,7,7,7,7,7,12,12,9,7,9,7,7,12,12,4,2,0,0,0,0,7,9,7,7,0,2,0,0,7,7,7,9,7,7,7,7,7,7,7,12,7,7,7,7,12,12,4,2,0,5,5,2,0,0,0,0
../2-4/shanx238.krn 4,2,0,0,7,2,0,0,-3,7,4,7,4,2,0,0,-3,0,2,7,4,2,0,0,-3,-8,-5,-3,-8,-10,-12,-12,4,2,4,7,4,2,0,2,-1,-3,-5,-5,-5,-5,-5,-3,-1,-3,0,0,-3,-5,-5,-3,-8,-10,-12,-12
../2-4/shanx239.krn 2,2,2,7,2,0,-1,0,2,2,0,0,7,5,7,9,7,7,0,0,2,2,2,7,2,0,-2,2,0,0,0,0,2,0,2,5,-2,-2,-2,-2,0,0,0,0,7,7,9,7,5,5,5,2,7,7,7,7,-2,0,0,0,2,2,2,7,2,0,-2,2,0,0,0,0,2,7,-2,0,2,2,0,0,0,0,0,2,5,5,5,4,2,2,5,5,2,5,2,0,-2,-2,-2,0,-3,-5,-7,-7,-5,-5,-5,-5,0,-2,0,2,-5,-5,-5,-7,-5,-5,0,0
../2-4/shanx248.krn 7,7,7,7,12,14,12,9,7,7,7,7,7,7,7,7,12,12,12,12,4,4,2,2,0,0,0,4,2,0,-3,-5,-5,-5,-5,-5,-5,-5,-5,7,7,7,4,7,7,4,4,2,2,-3,-3,0,0,0,0,2,2,2,4,2,0,-3,7,7,7,7,7,7,7,7,-3,-3,-5,-5,-3,-3,-3,-3,2,2,2,2,7,7,4,4,5,5,2,2,2,2,0,0,2,4,2,4,2,2,4,4,-3,-3,-5,-5,-8,-8,-5,-5,0,0,0,-3,-3,-5,-8,-8,2,2,2,2,2,2,2,2
../2-4/shanx249.krn 0,0,0,0,0,0,2,2,7,7,12,12,9,9,7,7,9,9,7,7,4,4,2,2,0,0,0,0,9,9,7,7,0,0,0,0,0,0,2,2,7,7,7,12,9,9,7,7,9,9,7,7,4,4,2,2,0,0,0,0,0,0,0,0,7,7,7,7,12,12,4,4,2,2,2,2,2,2,4,4,7,7,7,7,2,2,7,7,4,4,2,2,0,0,0,0,0,0,-3,-3,0,0,2,2,7,7,7,7,2,2,0,0,0,0,-3,-3,-5,-5,-8,-8,-5,-5,-12,-12,-5,-5,-10,-10,-12,-12,-12,-12,-12,-12,-12,-12
../2-4/shanx262.krn 7,12,9,7,7,4,2,4,7,12,9,7,7,4,2,4,0,0,0,-3,7,12,9,7,7,4,2,-3,0,0,0,0,0,2,4,4,12,12,9,7,0,2,4,4,7,4,2,0,0,-3,-5,-5,7,7,-3,0,2,4,0,-3,-5,-5,-5,-5,0,2,4,4,7,4,2,0,0,-3,-5,-5,7,7,-3,0,2,4,0,-3,-5,-5,-5,-5
../2-4/shanx268.krn 12,12,12,12,9,9,4,4,7,7,7,7,7,7,12,12,9,9,7,7,4,4,2,2,0,0,0,0,0,0,0,0,12,12,9,9,12,12,16,16,14,14,9,9,7,7,7,7,7,7,12,12,11,11,9,9,7,7,7,4,7,7,9,9,7,7,7,7,7,7,7,7
../2-4/shanx277.krn 9,9,12,12,4,4,11,11,9,9,9,9,9,9,9,9,2,2,2,2,12,12,12,12,14,14,11,11,9,9,7,7,4,4,7,7,2,2,4,4,7,7,7,7,7,7,7,7,9,9,12,12,9,9,7,7,9,7,4,4,4,4,4,2,4,4,4,2,4,4,4,4,9,9,12,12,0,0,0,2,4,4,4,2,4,4,4,4,9,9,12,12,7,7,7,4,2,2,4,4,2,2,0,0,-3,-3,0,0,-3,-3,-5,-5,0,0,0,0,0,0,0,0,2,2,4,4,2,2,0,0,2,0,-3,-3,-3,-3,-3,-5,-3,-3,-1,-1,-3,-3,-1,-1,-3,-3,-3,-3,-3,-3,-3,-3
../2-4/shanx279.krn 4,4,7,7,9,9,12,12,7,7,4,4,7,7,12,12,9,9,7,7,5,5,4,7,2,2,2,2,2,2,2,2,4,4,7,7,9,9,12,12,7,7,4,4,7,7,12,12,9,9,7,7,5,5,4,7,2,2,2,2,2,2,2,2,4,4,7,7,4,4,2,2,4,4,7,7,4,4,2,2,12,12,12,12,4,4,2,2,0,0,0,0,-1,-1,-3,-3,-3,-3,7,7,4,4,2,2,0,0,2,2,4,4,7,7,2,2,0,0,-1,-1,-3,-3,-5,-5,-5,-5,-5,-5,-5,-5,2,2,0,0,2,2,4,4,0,0,4,4,4,4,2,2,0,0,0,0,-1,-1,-3,-3,-3,-3,7,7,4,4,2,2,0,0,2,2,4,4,7,7,2,2,0,0,-1,-1,-3,-3,-5,-5,-5,-5,-5,-5,-5,-5
../2-4/shanx280.krn 0,0,7,7,7,7,9,9,7,7,4,4,7,2,0,0,0,0,7,7,4,4,4,4,7,7,7,7,7,7,7,7,4,4,7,7,7,7,0,0,2,2,2,2,2,2,-1,-1,2,2,-3,-3,-5,-5,-5,-5,-1,-1,-1,0,2,2,2,2,-1,-1,-1,0,2,2,2,2,-1,-1,0,0,-1,-1,0,0,-1,-1,0,0,2,2,2,2,0,0,9,9,7,7,9,9,7,7,9,9,7,7,4,4,7,7,2,2,4,4,7,7,0,0,-3,-3,-5,-5,-5,-5
../2-4/shanx283.krn 2,2,2,2,2,2,7,7,4,4,2,2,0,0,-3,-3,2,2,2,2,2,2,7,7,4,4,0,0,2,2,2,2,4,4,4,2,4,4,4,2,0,0,2,2,0,0,-3,-3,0,0,0,2,0,0,-3,-3,7,7,-8,-8,-5,-5,-5,-5,-3,-3,-3,0,2,2,4,2,0,0,0,2,0,0,-3,-3,-5,-5,-8,-8,-5,-5,-5,-5
../2-4/shanx287.krn 12,12,9,9,9,9,7,7,12,12,9,9,9,9,7,7,9,9,7,7,2,2,7,7,7,7,7,4,2,2,7,7,0,0,0,0,9,9,7,7,12,12,7,7,7,7,2,2,7,7,2,2,-1,-1,2,2,-5,-5,-5,-5,-5,-5,-5,-5,4,4,7,7,2,2,7,7,-1,-1,0,0,-5,-5,-5,-5,4,4,7,7,2,2,7,7,-1,-1,0,0,-5,-5,-5,-5,7,7,7,7,2,2,7,7,-1,-1,0,0,-5,-5,-5,-5,4,4,7,7,2,2,7,7,-1,-1,0,0,-5,-5,-5,-5,2,7,2,0,-1,-1,0,0,2,2,4,4,7,7,7,7,12,12,9,9,9,9,7,7,12,12,9,7,-3,-3,0,0,2,0,-3,-3,-5,-5,-5,-5
../2-4/shanx290.krn 7,7,7,7,7,7,7,7,7,7,2,2,7,7,4,4,2,2,2,2,2,2,2,2,7,7,7,7,9,9,7,7,4,4,2,2,0,0,-3,-3,0,0,-5,-5,0,0,0,0,2,2,4,4,2,2,2,2,4,4,4,4,4,4,2,2,0,0,0,-3,4,4,4,4,2,2,2,2,0,0,-3,-3,-5,-5,-5,-5,-5,-5,-5,-5
../2-4/shanx294.krn 2,2,2,2,2,2,7,7,5,5,4,7,2,2,2,2,4,4,4,4,2,2,4,2,0,0,-1,-3,-5,-5,0,0,2,2,2,0,2,2,2,4,7,0,-1,-3,-5,-5,-5,2,0,0,-1,-3,-5,-3,-5,-10,-5,-5,0,0
../2-4/shanx296.krn 4,4,7,7,9,9,12,12,7,7,7,7,7,7,12,12,9,9,7,7,4,7,-3,-3,0,0,0,0,0,0,0,0,-3,-3,0,0,0,0,2,2,4,4,9,9,7,7,4,4,2,2,4,7,4,4,2,2,0,0,0,0,0,0,0,0,4,4,9,9,7,7,4,4,4,4,7,7,4,4,-3,-3,2,2,0,2,7,7,-1,-1,-3,-3,-5,-3,-1,-1,-1,-3,-5,-5,-5,-5,-5,-5,-5,-5
../2-4/shanx303.krn 7,7,4,4,7,7,7,7,4,4,7,7,7,7,12,12,9,9,7,7,-3,-3,0,0,2,2,4,4,7,7,4,4,7,7,7,12,9,9,4,4,2,2,7,7,2,2,0,0,-3,-3,-5,-5,-5,-5,0,0,2,2,7,7,2,2,2,4,2,2,2,2,2,2,2,2,2,2,4,4,7,7,7,7,12,12,9,9,7,7,7,7,4,4,2,4,7,7,7,7,0,0,0,4,2,4,2,4,-5,-5,-5,-5,-5,-5,-3,-3,0,0,0,-3,0,0,0,-3,0,0,0,0,0,0,2,2,4,4,4,4,2,2,4,2,0,0,0,-3,-5,-5,-3,0,-5,-5,-5,-5,-5,-5,-5,-5
../2-4/shanx310.krn 7,7,9,9,12,12,12,12,12,12,9,9,7,7,7,7,7,7,9,9,12,12,12,12,12,12,9,9,7,7,7,7,7,7,7,7,7,7,9,9,7,7,7,7,7,7,7,7,12,12,7,7,4,4,2,2,0,0,0,0,0,0,0,0,4,4,2,2,4,4,4,2,4,4,0,0,2,2,2,2,7,7,7,7,7,7,4,4,7,7,7,7,7,7,7,7,7,7,7,7,7,7,9,9,12,12,12,12,7,7,7,7,12,12,7,7,4,4,2,2,0,0,4,4,2,2,-3,-3,0,0,0,0,0,0,0,0
../2-4/shanx316.krn 7,7,7,7,9,9,7,7,2,2,2,2,0,0,0,0,7,7,7,7,9,9,7,7,2,2,2,2,0,0,0,0,4,4,4,4,4,4,4,4,2,2,4,4,2,2,-1,-1,7,7,-5,-5,-1,-1,-3,-3,-5,-5,-5,-5,-5,-5,-3,-3,2,2,4,4,2,2,0,0,-3,-3,-3,-3,0,0,-3,-3,-5,-5,-5,-5,-5,-5,-5,-5
../2-4/shanx317.krn 7,7,7,7,9,12,7,7,7,9,7,4,2,0,2,2,2,4,7,7,9,12,7,7,4,2,0,0,2,0,2,2,4,0,2,2,4,0,2,2,4,2,4,2,4,0,2,2,7,4,7,7,2,4,7,0,-3,0,0,4,2,2,2,-3,-5,-5,-5,-5
../2-4/shanx318.krn 2,4,2,0,-5,-5,-5,-5,2,4,2,0,-5,-5,-5,-5,2,4,2,0,-5,-5,-5,-5,2,2,-3,0,2,4,2,0,-3,-3,2,-3,-5,-5,-5,-3,-7,-7,-7,-7,-7,-8,-5,-8,-10,-10,-10,-10
../2-4/shanx319.krn 9,9,4,9,7,7,4,4,9,12,7,11,9,5,4,2,0,0,-5,-3,0,0,0,0,12,12,11,9,7,4,12,12,9,5,4,2,0,0,7,7,2,7,2,-3,0,0,-1,-3,-5,-5,-5,-3,-5,-5,0,0,7,7,7,7,2,4,-1,-3,-5,-5,-5,-3,-5,-5,-5,-5
../2-4/shanx320.krn 14,14,19,19,16,16,16,14,19,19,12,12,14,14,14,14,9,9,9,12,9,9,9,7,9,7,5,4,7,7,7,7,7,7,9,9,7,9,7,4,2,2,2,4,19,19,19,16,16,16,14,14,14,14,14,14,14,19,14,12,9,12,9,7,5,5,5,7,12,12,12,9,7,9,7,4,2,2,2,0,2,2,2,2,2,2,2,2
../2-4/shanx321.krn 0,0,2,2,2,2,2,2,7,7,4,7,4,4,2,2,0,0,7,7,4,4,2,2,-1,-1,-3,-3,0,0,0,0,0,0,-1,-1,-3,-3,-5,-5,7,7,4,7,4,4,-3,-3,-1,-1,2,2,-3,-3,-8,-8,-5,-5,-5,-5,-5,-5,0,0,0,0,0,0,-1,-1,-3,-3,-5,-5,-3,-3,0,0,0,0,2,2,2,0,-1,-1,-3,-3,-5,-5,-5,-3,0,0,0,0,0,0,2,2,2,2,-1,-1,0,0,4,4,0,0,2,2,4,4,4,7,4,4,-3,-3,-1,-1,2,2,-3,-3,-8,-8,-5,-5,-5,-5,-5,-5,-5,-5
../2-4/shanx324.krn 7,7,7,7,5,5,4,2,0,2,4,7,2,2,2,2,7,7,7,7,5,5,4,2,0,2,4,7,2,2,2,2,7,7,7,4,2,2,2,4,0,2,4,7,2,2,2,2,2,2,2,4,2,2,4,4,-5,-5,-5,-3,0,0,2,2,-1,-1,-5,-5,-5,-5,-5,-5
../2-4/shanx326.krn 7,7,7,9,7,7,5,7,2,2,0,-2,-5,-5,-5,-5,0,0,-1,-3,-5,-5,0,2,7,7,5,7,2,2,0,-3,-5,-5,0,2,7,7,5,7,2,2,0,-3,-5,-5,-5,0,2,0,-1,-3,-5,-5,-5,-5
../2-4/shanx331.krn 7,7,7,7,2,2,2,2,4,4,7,7,2,2,2,2,7,7,4,4,7,7,9,9,4,4,4,7,2,2,2,2,7,7,7,7,2,2,2,2,7,7,7,9,4,4,2,2,0,0,-3,-3,-3,-3,4,4,2,2,2,2,2,2,2,2,0,0,-3,-3,0,0,0,0,7,7,7,7,4,4,7,7,2,2,4,4,7,7,4,4,2,2,4,4,7,7,4,4,2,2,4,4,2,2,0,0,-5,-5,0,0,2,2,4,4,2,2,0,0,-2,-2,-3,-3,-5,-5,-5,-5,-5,-5,-3,-3,-5,-5,-5,-5,-5,-5,-5,-5,4,4,4,2,0,0,4,4,2,2,2,2,2,2,2,2,-5,-5,0,0,2,2,4,4,2,2,0,0,-2,-2,-3,-3,-5,-5,-5,-5,-5,-5,-3,-3,-5,-5,-5,-5,-5,-5,-5,-5
../2-4/shanx333.krn 12,12,12,16,14,14,14,14,7,7,12,12,9,9,7,7,5,5,7,7,12,12,4,4,2,2,2,2,2,2,2,2,12,12,12,16,14,14,14,14,7,7,12,12,9,9,7,7,9,12,14,14,14,14,14,14,7,7,12,12,12,12,12,12,7,7,7,7,7,7,7,7
../2-4/shanx335.krn 2,2,2,4,2,0,-3,0,2,2,4,0,2,2,2,2,-5,-5,-5,-3,2,0,-1,-3,0,0,2,-3,0,0,0,0,0,2,4,7,2,2,2,4,-5,-3,0,-1,-3,-3,-3,-3,-3,-3,-3,0,-3,-5,-7,-8,-5,-5,-5,-5,-3,2,-1,-3,-5,-5,-3,-8,-5,-5,-5,-5
../2-4/shanx337.krn 0,0,0,-1,-3,-3,-5,-5,7,7,7,9,4,4,7,7,12,12,11,9,7,9,7,4,7,7,2,4,2,2,2,2,2,2,2,4,7,7,9,9,12,12,12,11,9,9,7,7,7,7,2,4,2,2,-3,-1,-5,-5,-5,-5,-5,-5,-5,-5,-5,-5,-5,-3,0,0,0,0,2,2,2,4,7,7,9,9,7,7,4,4,2,2,0,0,-1,-1,-3,-5,-3,-3,-3,-3,7,7,7,9,4,4,7,7,12,12,11,9,7,7,4,4,7,7,7,9,7,7,0,0,2,2,2,4,2,0,-1,-3,-5,-5,-5,-5,-5,-5,-5,-5
../2-4/shanx350.krn 12,12,12,12,11,11,9,9,12,12,12,12,11,11,9,9,12,12,12,14,11,11,9,9,19,19,16,16,19,19,16,16,7,7,7,9,12,12,9,9,12,12,7,7,7,7,4,9,7,7,7,7,7,7,7,7,0,0,16,16,14,14,16,16,12,12,16,16,14,14,12,12,12,12,4,4,7,7,12,12,9,9,7,7,4,4,2,2,0,0,0,0,0,0,0,0,7,7,7,9,7,7,9,9,4,4,2,2,0,0,0,0,7,7,9,9,7,7,7,9,4,4,2,2,0,0,0,0,7,7,7,9,7,7,9,9,4,4,2,2,0,0,0,0,7,7,9,9,7,7,7,9,4,4,2,2,0,0,0,0,0,0,16,16,14,14,16,16,12,12,12,16,14,14,12,12,12,12,4,4,7,7,7,12,9,9,7,7,4,4,2,2,0,0,0,0,0,0,0,0
../2-4/shanx351.krn 9,9,9,7,9,9,7,7,9,9,9,12,7,7,7,7,9,9,9,12,7,7,9,7,5,5,4,7,2,2,2,2,7,7,7,2,7,7,7,7,2,2,2,4,2,2,0,0,-1,-1,2,2,-3,-3,0,0,-5,-5,-5,-5,0,0,2,2,-1,-1,-3,-3,-5,-5,-5,-5
../2-4/shanx353.krn 7,9,9,4,7,7,7,7,7,4,4,2,0,0,0,0,2,2,2,4,7,4,2,2,-3,-3,4,2,0,0,0,0,4,2,0,0,0,0,-3,-3,-3,0,-3,0,7,4,2,0,-3,0,2,4,2,0,-3,-3,-5,-5,-5,-5
../2-4/shanx357.krn 16,19,19,9,12,12,12,12,19,21,19,16,14,14,14,14,14,14,19,16,14,16,14,12,9,14,12,9,7,7,7,7,16,11,9,7,9,9,16,14,12,9,7,4,2,2,2,2,14,21,19,16,19,16,14,16,19,16,19,21,16,16,16,14,12,9,7,4,2,2,2,2
../2-4/shanx360.krn 2,2,2,2,7,7,7,7,2,2,4,4,2,2,0,0,2,2,0,0,-1,-1,-3,-3,-5,-5,-5,-5,-5,-5,-3,-3,-5,-5,-5,-5,-5,-5,-5,-5,0,0,0,0,0,0,2,2,7,7,7,7,9,9,7,7,5,5,4,4,2,2,2,2,0,0,-3,-3,7,7,7,7,0,0,0,0,0,0,2,2,7,7,7,7,2,2,4,4,2,2,0,0,-1,-1,-3,-3,-5,-5,-5,-5,-5,-5,-3,-3,0,0,2,2,2,2,-3,-3,-5,-5,-5,-5,-5,-5,-5,-5
../2-4/shanx362.krn 7,7,7,9,12,12,12,9,7,7,9,7,5,5,5,5,7,7,7,9,7,7,5,5,4,4,2,4,0,0,0,0,0,0,0,2,7,7,7,7,7,7,9,7,5,5,5,5,0,0,-1,-3,-5,-5,4,4,2,2,2,0,2,0,-1,-3,-5,-5,-5,-5,-5,-5,-5,-5
../2-4/shanx365.krn 0,0,-1,-1,-3,-3,-5,-5,7,7,7,9,4,4,7,7,12,12,11,11,9,7,4,4,7,7,7,4,2,2,2,2,7,7,2,4,7,7,7,9,12,12,11,11,9,9,7,7,7,7,2,4,2,2,-3,-3,-5,-5,-5,-5,-5,-5,-5,-5,0,0,-5,-3,0,0,0,0,4,4,2,4,7,7,4,4,2,2,-1,-1,-3,-3,-5,-5,-3,-3,-3,-3,-3,-3,-3,-3,7,7,7,7,4,4,7,7,12,12,11,11,9,9,7,7,7,7,0,0,2,2,-3,-3,7,7,2,4,2,2,-3,-3,-5,-5,-5,-5,-5,-5,-5,-5
../2-4/shanx366.krn 7,7,2,2,2,2,2,4,7,7,-1,-1,0,0,0,0,7,7,2,2,2,2,4,2,0,0,0,0,0,0,0,0,7,7,2,2,2,2,2,4,7,7,-1,-1,0,0,0,0,0,0,2,2,4,4,2,2,0,0,2,2,2,2,-3,-3,-5,-5,-5,-5,0,0,0,0
../2-4/shanx368.krn 14,12,14,16,19,12,11,9,14,12,11,9,7,7,7,9,14,12,14,16,7,9,12,16,14,12,11,9,7,7,7,7,12,9,12,14,4,7,9,14,11,9,7,11,9,9,9,9,7,7,7,9,12,12,14,16,14,12,11,9,7,7,7,11,9,4,7,7
../2-4/shanx369.krn 4,4,4,4,4,4,7,7,4,4,2,2,0,0,0,0,4,4,4,4,4,4,2,2,4,4,0,0,2,2,2,2,4,4,4,2,4,4,2,2,-3,-3,2,2,0,0,0,0,9,9,9,2,-1,-1,-3,-3,-5,-5,-8,-8,-5,-5,-5,-5,-3,-3,-3,-3,2,2,2,2,-3,-3,-3,2,-1,-1,-3,-3,-5,-5,-8,-8,-5,-5,-5,-5
../2-4/shanx370.krn 7,7,9,7,5,5,2,2,7,7,9,7,5,5,2,2,7,7,9,7,5,7,5,2,0,2,7,7,2,2,2,2,7,7,9,7,5,7,5,2,0,2,7,7,2,4,2,0,-3,-3,2,2,0,0,-1,-3,-5,-5,-5,0,-5,-5,-5,-5,2,5,2,0,2,5,2,0,9,9,9,2,0,0,-1,-3,-5,-5,-5,0,-5,-5,-5,-5
../2-4/shanx376.krn 9,9,4,7,9,7,4,2,9,9,4,7,9,7,4,2,0,0,0,-3,7,7,9,4,7,7,4,-3,0,0,0,0,4,9,0,2,4,4,7,7,0,2,4,4,7,7,4,2,4,0,-1,-3,-5,-5,-8,-5,4,-1,-3,-8,-5,-5,-5,-5,4,4,7,7,0,7,4,2,4,0,-1,-3,-5,-5,-8,-5,4,-1,-3,-8,-5,-5,-5,-5
../2-4/shanx378.krn 4,4,7,7,4,4,4,2,0,0,7,7,4,4,4,2,0,0,-5,-5,2,2,2,4,2,2,2,-5,0,0,0,0,0,0,-3,-5,2,2,2,4,2,2,2,-5,0,0,0,0,-3,-3,-3,0,2,2,2,4,7,7,-3,-3,-5,-5,-5,-5,-1,-1,0,0,0,0,0,0,-3,-3,-3,0,2,2,-5,-5,0,0,0,-3,-5,-5,-5,-5
../2-4/shanx379.krn 12,12,9,7,9,7,9,12,7,7,7,7,7,7,12,12,9,12,9,7,4,4,7,9,0,0,0,0,0,0,-3,-3,0,0,0,9,7,7,7,4,2,2,4,7,7,7,-1,-1,2,4,2,4,7,7,-1,-1,-3,-3,-5,-3,-1,-1,-1,-3,-5,-5,-5,-5,-5,-5,-5,-5
../2-4/shanx380.krn 16,16,16,16,14,14,16,14,12,9,9,7,4,4,4,4,16,16,16,16,14,14,16,14,12,12,12,12,12,12,12,12,12,12,12,14,16,16,16,16,7,7,12,12,14,14,14,12,9,9,9,7,4,4,4,7,9,9,7,9,12,12,11,9,7,7,7,7,7,7,7,7
../2-4/shanx387.krn 4,4,4,7,4,4,4,2,0,0,0,2,0,0,0,0,-3,-3,-5,-5,-8,-8,-5,-5,-3,-3,-3,-3,-3,-3,-3,-3,0,0,0,-3,0,0,2,2,4,4,4,7,4,4,4,2,0,0,2,2,4,4,4,2,4,4,0,0,0,0,0,0,-3,-3,-3,-5,-8,-8,-5,-5,-3,-3,-3,-3,-3,-3,-3,-3,-5,-5,-5,-3,0,0,0,-3,-5,-5,-5,0,-3,-3,-5,-5,4,4,7,7,2,2,4,4,-5,-5,-5,-3,-8,-8,-10,-10,0,0,0,0,0,0,0,0
../2-4/shanx390.krn 16,16,16,16,19,19,19,21,19,19,19,19,16,16,16,16,19,14,14,16,19,19,19,14,12,12,12,12,12,12,12,12,16,16,14,16,19,19,19,16,14,14,12,14,16,16,19,19,12,14,11,9,7,7,7,9,9,12,7,9,11,14,9,9,7,7,7,7,7,7,7,7
../2-4/shanx393.krn 7,7,7,4,7,9,12,4,2,2,2,2,7,7,7,4,7,9,0,0,0,0,2,2,7,7,7,9,12,4,2,0,0,0,-5,-5,2,2,2,4,7,7,7,9,0,-3,-5,-5,-5,-5,-5,-5,-5,-5,-5,-5
../2-4/shanx399.krn 7,7,7,4,2,2,7,7,0,0,2,2,-3,-3,-5,-5,7,7,4,4,2,2,9,9,7,7,7,7,7,7,7,7,7,7,7,4,2,2,7,7,0,0,2,2,-3,-3,-5,-5,7,7,2,4,2,2,-3,-3,-5,-5,-5,-5,-5,-5,-5,-5,4,4,2,4,2,2,-3,-3,-5,-5,-5,-5,-5,-5,-5,-5,-5,-5,-5,-5,7,7,7,7,9,9,7,7,7,7,4,4,2,4,2,0,-3,-3,0,0,2,2,2,2,2,2,2,2,-5,-5,-5,-5,7,7,7,7,9,9,7,7,7,7,-3,-3,0,0,0,2,-3,-3,-5,-5,9,9,7,7,7,7,-3,-3,0,0,2,2,-3,-3,-5,-5,0,0,4,4,2,2,0,0,2,2,4,4,2,2,0,0,2,4,2,0,2,4,2,0,-3,-3,0,0,2,4,2,4,7,7,-3,-3,0,0,2,2,-5,-5,-5,-5,-5,-5,-5,-5
../2-4/shanx438.krn 19,19,16,16,14,14,19,19,14,14,9,9,7,7,4,4,7,7,9,9,12,12,4,4,2,2,2,2,2,2,2,2,19,19,16,16,14,14,19,19,14,14,9,9,7,7,4,4,7,7,9,9,7,7,4,4,7,7,9,9,7,7,4,4,7,7,9,9,14,14,14,14,19,14,12,12,12,12,12,12,9,9,7,7,7,7,7,7
../2-4/shanx445.krn 0,9,9,9,7,4,4,2,2,2,2,2,2,2,14,14,14,14,12,12,14,14,9,9,9,9,9,9,9,9,0,9,9,9,7,4,4,2,2,2,2,2,2,2,7,7,7,7,4,4,2,2,14,14,14,14,14,14,14,14
../2-4/shanx454.krn 2,2,2,4,2,2,0,-3,-5,-5,-5,-5,-5,-5,-5,-5,0,0,0,2,0,0,-1,-3,-5,-5,-5,-5,-5,-5,-5,-5,2,2,4,4,2,2,4,4,0,0,-1,-3,-5,-5,-5,-5,0,0,2,2,0,0,-1,-3,-5,-5,-5,-5,-5,-5,-5,-5,4,4,4,4,4,4,-3,-3,-5,-5,-5,-5,-5,-5,-5,-5,-5,-5,-5,-3,0,0,-1,-3,-5,-5,-5,-5,-5,-5,-5,-5,2,2,4,4,4,4,2,4,0,0,-1,-3,-5,-5,-5,-5,0,0,-1,-3,2,2,0,0,-5,-5,-5,-3,0,0,-1,-3,-5,-5,-5,-5,7,7,7,7,4,4,4,4,4,4,-3,-3,-5,-5,-5,-5,-5,-5,-5,-5,-5,-5,-5,-3,0,0,-1,-3,-5,-5,-5,-5,-5,-5,-5,-5
../2-4/shanx466.krn 14,14,19,19,19,16,16,14,19,16,16,14,12,12,12,12,12,14,14,16,14,14,14,12,14,11,11,9,7,7,7,7,4,7,7,9,12,12,12,9,4,7,7,9,12,12,12,12,12,14,14,19,14,12,12,9,4,7,7,9,12,12,12,14,7,9,9,4,2,2,2,2
../2-4/shanx469.krn 9,9,9,9,9,9,14,14,9,9,7,7,9,7,4,7,9,9,9,9,9,9,9,9,2,2,4,4,7,7,9,9,7,7,4,4,2,2,2,2,2,2,2,2,7,7,9,9,7,7,2,2,7,7,7,7,0,0,-3,-3,-5,-5,-5,-5,9,9,7,7,2,2,2,2,-5,-5,-3,-3,0,0,2,2,0,0,-3,-3,-5,-5,-5,-5
../2-4/shanx476.krn 9,12,9,7,2,2,2,2,9,12,9,4,7,7,4,2,0,0,0,-3,7,7,9,4,7,4,2,-3,0,0,0,0,0,2,4,4,12,9,7,7,9,4,7,7,9,4,2,0,0,-3,-5,-5,7,7,7,0,2,4,2,-3,-5,-5,-5,-5,9,4,7,7,9,4,2,0,0,-3,-5,-5,7,7,7,0,2,4,2,-3,-5,-5,-5,-5
../2-4/shanx482.krn 7,7,9,4,7,9,7,7,2,7,4,7,-3,0,2,2,7,7,9,4,7,9,7,7,2,7,4,7,-3,0,2,2,7,4,7,7,7,9,7,4,7,7,-3,0,5,5,2,0,-3,2,0,-3,-5,-5,-5,-5
../2-4/shanx491.krn 4,4,7,7,7,7,9,9,7,7,7,7,2,2,2,2,4,4,7,7,7,7,2,2,0,0,-3,-3,0,0,2,2,4,4,7,7,7,7,4,4,2,2,2,2,7,7,7,7,9,9,7,9,5,5,4,2,0,0,2,2,2,2,-3,-3,-5,-5,-5,-5,-5,-5,-5,-5
../2-4/shanx500.krn -5,-5,0,0,0,0,-3,-3,7,9,9,7,7,7,7,7,7,7,9,9,9,7,4,4,4,4,0,0,2,2,2,2,7,7,2,4,7,7,7,7,2,2,7,7,2,4,2,0,-3,-3,-5,-3,2,2,4,-3,-5,-5,-5,-5,-5,-5,-5,-5,0,0,-3,-5,0,0,0,0,4,4,0,2,4,4,4,4,7,7,4,2,0,0,-3,-3,4,4,-3,-3,-3,-3,-3,-3,9,9,12,12,9,9,7,7,4,4,9,12,9,9,7,7,4,4,4,2,0,0,7,7,4,4,4,4,2,0,-1,-3,-5,-5,-5,-5,-5,-5,-5,-5
../2-4/shanx501.krn 12,12,12,14,16,19,16,14,16,12,14,16,12,12,12,12,19,19,19,16,14,14,14,14,12,12,11,9,7,7,7,7,12,9,7,7,12,16,14,12,9,12,7,7,9,7,4,2,0,0,-3,2,0,0,0,0
../2-4/shanx503.krn 2,2,2,7,2,2,2,0,-3,-5,-8,-8,-10,-10,-10,-10,4,4,2,2,2,2,2,0,-3,0,-5,-3,-8,-8,-10,-10,-5,-5,-5,-3,0,0,2,0,-3,-3,-5,-8,-5,-5,-5,-3,-3,-3,-5,-8,-10,-10,-10,-10
../2-4/shanx506.krn 14,14,14,14,14,14,9,9,9,9,9,9,7,7,7,7,7,7,7,7,7,9,7,6,7,7,7,7,7,7,7,7,7,7,7,7,7,7,7,7,7,7,6,6,6,6,6,6,19,19,19,19,19,19,14,14,14,14,14,14,9,9,9,9,9,9,9,9,9,9,7,6,7,7,7,7,7,7,7,7,7,7,7,7,19,19,19,19,19,19,19,19,19,16,16,16,14,14,14,14,14,14,14,14,14,9,9,9,7,7,7,7,7,7,14,14,14,14,14,14,9,9,9,9,9,9,9,9,9,9,7,6,9,9,9,9,9,9,9,9,9,7,4,4,4,4,2,2,2,2,2,2,2,2,2,9,9,9,9,9,9,7,7,7,4,4,4,2,2,2,2,2,2,2,2,2,2,2,2,7,7,7,6,6,6,7,7,7,9,9,9,14,14,14,12,9,7,7,7,6,6,6,9,9,9,7,7,7,7,7,7,7,4,4,4,4,2,2,2,2,2,2,0,0,0,9,9,9,9,9,9,7,7,7,4,4,4,2,2,2,2,2,2,2,2,2,2,2,2
../2-4/shanx530.krn 0,0,-3,-5,0,0,0,0,7,9,7,4,2,0,2,2,2,4,7,7,9,7,4,2,0,4,0,-3,-5,-5,-5,-5,4,2,0,0,2,4,7,7,2,4,2,0,-3,-5,-3,-3,2,4,7,7,12,9,7,7,0,0,0,4,2,2,0,-3,-5,-5,-5,-5
../2-4/shanx536.krn 0,0,0,2,4,7,4,2,4,0,2,4,0,0,0,0,7,4,7,4,2,4,2,0,-3,-3,0,-8,-5,-5,-5,-5,0,-8,-5,-5,-5,4,2,4,-5,-5,-3,-3,0,0,2,4,0,0,2,4,0,0,0,0
../2-4/shanx538.krn 0,0,0,-3,7,7,7,7,9,12,7,4,2,0,2,2,2,4,7,7,12,9,7,7,4,2,0,-3,-5,-5,-5,-5,4,2,0,0,2,7,4,7,2,4,0,-5,-3,-3,-3,-3,2,4,7,7,12,9,7,7,0,0,-3,0,2,4,0,-3,-5,-5,-5,-5
../2-4/shanx540.krn 14,14,14,16,14,14,12,12,16,16,16,14,16,16,14,12,9,9,9,12,14,14,14,14,16,16,16,16,14,14,12,12,12,12,12,9,7,7,7,7,7,7,9,9,12,12,12,14,12,12,9,4,7,7,7,9,12,12,4,4,2,2,2,2,12,12,7,7,9,9,9,9,0,0,2,2,4,4,7,7,4,4,2,2,0,0,0,0
../2-4/shanx547.krn 4,7,7,4,2,2,2,2,4,7,4,2,0,0,0,0,0,2,4,4,7,4,2,0,2,2,-3,-5,-8,-8,-8,-8,-5,-5,-5,-3,0,4,2,0,2,2,0,-5,-3,-3,-3,-3,2,2,2,4,2,4,2,0,-3,0,-5,-3,0,0,-1,-3,-8,-3,-5,-8,-10,-10,-10,-10
../2-4/shanx568.krn 0,0,0,0,0,0,-3,-3,7,7,7,7,7,7,7,7,7,7,7,7,7,7,9,9,7,7,7,7,7,7,0,0,2,2,2,2,0,0,0,0,7,7,7,7,7,7,0,0,2,2,2,2,0,0,0,0,7,7,7,7,7,7,0,0,2,2,2,2,0,0,0,0,7,7,4,4,7,7,4,-3,-5,-5,-5,-3,-5,-5,-5,-5,7,7,7,7,7,7,4,-3,-5,-5,-5,-3,-5,-5,-5,-5,2,2,4,4,2,2,2,2,2,2,7,7,4,4,7,7,2,2,2,4,-5,-5,-5,-3,-5,-5,-5,-3,-5,-5,-5,-3,-5,-5,-5,-3,0,0,-3,-3,-5,-5,-5,-5,-5,-5,-5,-5
../2-4/shanx570.krn 7,7,7,7,9,9,12,12,7,7,7,7,7,7,7,7,12,12,9,7,7,7,-3,-3,0,0,0,0,0,0,0,0,0,0,0,2,7,7,4,4,2,2,4,4,2,2,0,0,2,2,2,4,0,0,-5,-5,-3,-3,-3,-3,0,0,0,-3,-5,-5,-5,-5,-5,-5,-5,-5
../2-4/shanx574.krn 4,7,7,9,7,7,2,2,4,7,7,2,0,-3,0,2,4,7,7,4,2,2,4,4,-1,-3,-5,-5,0,2,2,-3,-5,-5,-5,-5
../2-4/shanx577.krn 7,7,7,7,12,12,9,7,7,7,2,2,2,2,2,2,12,12,7,7,5,5,4,2,0,0,0,0,0,0,0,0,0,0,0,2,7,7,7,7,4,7,4,2,0,0,7,7,-1,-1,-1,-3,-5,-5,0,0,-3,0,-3,-5,-7,-5,-3,-3,-5,-5,-5,-5,-5,-5,-5,-5
../2-4/shanx579.krn 7,7,4,2,7,7,4,2,0,0,0,4,2,2,2,2,7,7,4,2,7,7,4,2,0,0,0,4,2,2,2,2,4,2,4,0,2,2,0,0
../2-4/shanx585.krn 9,9,9,7,9,9,9,7,4,4,9,9,7,7,7,7,9,12,9,7,4,7,4,2,4,4,4,4,-3,-3,-3,-3,2,2,2,2,0,0,0,0,7,7,7,7,4,4,7,7,0,0,4,4,2,2,2,2,12,12,12,14,11,11,11,9,7,7,7,9,7,7,7,7
../2-4/shanx593.krn 0,2,4,0,2,2,2,2,4,4,4,4,2,4,2,0,-3,-3,-3,-3,0,0,0,2,4,7,4,2,4,7,2,0,-3,-3,-3,-3,2,0,-3,-3,0,0,4,2,0,4,2,0,2,-5,-5,-3,0,0,2,-3,-5,-5,-5,-5
../2-4/shanx594.krn 2,2,2,2,4,2,0,-3,2,2,2,2,7,7,9,7,5,5,7,4,2,2,2,4,2,0,-1,-3,0,0,0,2,0,0,0,0,9,12,9,7,5,5,7,7,9,12,9,7,5,5,7,4,2,2,2,4,2,0,-1,-3,0,0,0,0,-3,0,-3,0,2,2,2,2,7,7,7,4,2,2,7,7,2,4,2,0,-3,0,0,2,-3,-5,-7,-8,-5,-5,-5,-5,-3,0,2,0,-5,-5,-5,-5
../2-4/shanx602.krn 4,4,7,9,7,4,7,9,9,7,5,4,2,2,2,2,4,4,7,9,7,4,7,7,9,7,5,4,2,2,2,2,2,2,7,7,4,7,4,7,4,7,4,2,0,0,-1,-3,-3,7,4,2,0,2,4,7,2,0,-1,-3,-5,-5,0,0,2,2,2,2,7,7,4,2,0,0,0,0,-3,7,4,2,0,2,4,7,2,0,-1,-3,-5,-5,0,0
../2-4/shanx609.krn 16,16,16,14,16,14,16,16,12,12,12,14,16,14,12,12,12,14,16,19,16,14,12,12,14,16,9,7,4,4,4,4,12,12,12,9,0,0,12,12,12,12,12,12,11,9,7,7,12,9,12,12,4,7,4,4,12,11,9,7,4,7,4,4,12,14,16,19,14,14,14,14,12,14,16,19,16,14,12,12,14,16,11,9,7,9,11,9,7,7,7,7
../2-4/shanx610.krn 7,9,4,2,7,9,4,2,7,4,7,9,2,2,2,2,2,4,7,7,7,4,2,2,-1,-1,-1,-3,-5,-5,-5,-5,-5,-5,-5,-8,-5,-5,-5,-5,7,4,2,4,-8,-8,-5,-5,2,4,2,2,-1,-3,-5,-5,2,4,2,2,-1,-3,-5,-5,-1,2,-3,-1,2,2,2,2,2,4,7,7,7,4,2,2,2,7,-1,-3,-5,-1,-1,-3,-5,-5,-5,-5
../2-4/shanx612.krn 4,4,4,4,2,2,2,2,4,7,4,2,0,0,0,0,2,2,2,4,2,2,2,0,2,0,-1,-3,-5,-5,-5,-5,-5,-5,-5,-3,2,2,2,4,2,4,2,0,-3,-3,-3,-3,-3,-3,-3,2,2,0,0,-3,-5,-8,-5,-3,0,2,-1,-3,-5,-3,-5,-8,-10,-10,-10,-10
../2-4/shanx620.krn 2,7,7,5,2,2,2,2,9,7,7,2,0,0,0,0,2,7,7,5,2,2,0,0,2,-3,-3,-5,-7,-7,0,0,-5,-5,-5,-3,2,2,5,2,2,2,2,-5,-3,-3,0,0,2,2,2,2,5,2,0,-3,-5,-5,-5,-3,0,0,0,-3,-5,-3,-5,-7,-10,-10,0,0
../2-4/shanx621.krn 7,7,4,4,2,2,2,2,4,4,4,2,0,0,0,0,7,7,4,4,2,2,0,0,0,2,0,-3,-5,-5,-5,-5,0,0,4,4,2,2,2,2,0,0,4,2,0,0,0,0,2,2,2,4,2,2,0,0,0,0,-3,0,2,2,2,2,0,0,0,-3,-5,-5,-5,-5
../2-4/shanx628.krn 9,9,9,9,9,9,9,9,9,9,12,4,7,7,7,7,9,9,9,7,4,4,7,7,9,9,7,4,2,2,2,2,2,2,2,0,2,2,4,4,7,7,4,4,7,7,7,7,2,4,2,0,-3,-3,-5,-3,0,0,0,0,0,0,0,0,2,2,2,0,2,2,4,4,2,2,2,2,2,0,-3,2,2,2,0,-3,-3,0,-3,-5,-5,-5,-5,-5,-5,-5,-5
../2-4/shanx640.krn 4,4,4,4,4,4,4,4,4,4,2,2,2,2,2,2,4,4,4,2,0,0,-3,-3,0,0,0,0,0,0,0,0,0,0,0,4,2,2,0,0,2,2,2,2,2,2,-3,-3,-5,-5,-5,-5,-5,-5,-5,-5,-3,-3,-3,-3,0,0,-3,-3,-5,-5,-5,-5,-5,-5,-5,-5
../2-4/shanx643.krn 7,7,7,9,7,7,0,0,2,2,2,2,2,2,4,4,7,7,7,9,7,7,0,0,2,2,2,2,2,2,2,2,2,2,2,2,7,7,7,7,2,2,2,2,7,7,7,7,7,7,9,9,7,7,0,0,2,2,2,2,2,2,2,2,2,2,2,2,7,7,7,7,2,2,2,2,7,7,7,7,2,2,2,2,7,7,7,7,2,2,4,4,2,2,0,0,0,0,0,0,0,0,2,2,0,0,0,0,0,0,0,0,-3,-3,-3,-3,-3,-3,0,0,2,2,2,2,2,2,4,4,0,0,0,0,0,0,4,4,2,2,0,0,-1,-1,-3,-3,-5,-5,-5,-5,-5,-5,0,0,-3,-3,-5,-5,-7,-7,-10,-10,-5,-5,-5,-5,-5,-5,-5,-5
../2-4/shanx652.krn 4,4,4,2,0,0,-3,-3,4,4,4,2,0,0,-3,-3,4,4,4,2,0,0,0,2,4,4,4,0,2,2,2,2,-3,-3,-3,0,2,2,2,2,0,-3,-5,-5,-5,-5,-5,-5,4,4,4,2,0,0,-3,-3,4,4,4,2,0,0,-3,-3,4,4,4,2,0,0,0,2,4,4,4,0,2,2,2,2,7,7,7,0,2,2,2,2,-3,-3,-3,0,2,2,2,2,0,-3,-5,-5,-5,-5,-5,-5
../2-4/shanx653.krn 0,0,-1,-1,-3,-3,-5,-5,-3,-3,-5,-5,7,7,7,7,9,9,7,7,7,7,4,4,2,2,2,2,2,2,2,2,2,2,4,4,7,7,7,7,12,12,12,12,9,9,7,7,7,7,4,4,2,2,0,-3,-5,-5,-5,-5,-5,-5,-5,-5,-5,-5,-3,-3,0,0,0,0,2,2,4,4,7,7,7,7,7,7,4,4,2,2,0,0,-3,-3,-3,-3,-3,-3,-3,-3,7,7,9,9,7,7,7,7,12,12,9,9,7,7,7,7,7,7,0,0,2,2,4,4,7,7,4,4,2,2,0,-3,-5,-5,-5,-5,-5,-5,-5,-5
../2-4/shanx657.krn 12,12,16,16,14,14,16,16,12,12,9,9,7,7,7,7,7,7,0,0,16,16,19,19,14,16,12,9,7,7,7,7,9,7,9,12,14,16,12,0,9,7,9,12,7,7,7,7,12,9,7,12,12,12,4,4,7,7,7,4,7,9,4,2,0,0,0,0,0,0,0,0
../2-4/shanx658.krn 4,4,7,7,4,4,2,2,4,4,7,7,4,4,2,2,4,4,7,7,4,4,2,2,4,4,0,0,0,0,0,0,0,0,4,4,4,4,4,4,2,2,4,4,0,0,0,0,2,2,0,0,0,0,-3,-3,-5,-5,-5,-5,-5,-5,-5,-5,0,0,-3,-3,0,0,0,0,-8,-8,-5,-5,-8,-8,-8,-8,0,0,-3,-3,0,0,0,0,-8,-8,-5,-5,-8,-8,-8,-8,2,2,2,0,2,2,2,2,0,0,4,4,2,2,4,4,2,2,2,2,0,0,0,0,2,2,2,2,-8,-8,-5,-5,-1,-1,-3,-3,-5,-5,-5,-5
../2-4/shanx667.krn 0,0,2,2,7,7,12,12,7,7,2,2,0,0,-3,0,2,2,2,2,5,5,-3,-3,-5,-5,-10,-10,-5,-5,-5,-5,0,0,4,4,2,4,2,0,-5,-5,-3,-5,-8,-8,-8,-8,0,0,4,4,2,4,2,0,-5,-5,-3,-5,-8,-8,-8,-8,7,7,4,4,7,7,4,4,2,2,2,2,2,2,4,4,0,0,2,2,7,7,7,7,4,4,2,2,0,0,-3,0,4,4,2,2,2,2,-5,-5,-3,-3,-3,4,2,2,4,4,-5,-5,-5,-5,-5,-5,-5,-5
../2-4/shanx673.krn 0,0,0,0,-5,-5,-5,-5,0,0,0,0,-5,-5,-5,-5,7,7,7,12,7,7,4,4,7,7,2,2,2,2,0,0,2,2,2,2,2,2,2,2,7,7,12,12,7,7,12,12,7,7,12,12,7,7,12,12,7,7,2,2,2,2,0,0,2,2,2,2,2,2,2,2,7,7,7,7,2,2,2,2,7,7,7,7,2,2,2,2,0,0,0,-1,0,0,2,2,-5,-5,-5,-5,-5,-5,-5,-5,0,0,2,2,0,0,0,2,-5,-5,-8,-8,-5,-5,-5,-5,0,0,2,2,0,0,0,2,-5,-3,-5,-8,-5,-5,-5,-5,0,0,0,2,7,7,12,9,7,7,4,4,2,2,0,0,0,0,-1,-1,0,0,2,2,-5,-5,-5,-5,-5,-5,-5,-5
../2-4/shanx674.krn 7,7,7,7,4,4,7,7,5,5,9,9,7,7,7,7,9,9,7,7,7,7,2,2,0,0,0,0,0,0,0,0,7,7,7,4,7,7,7,4,0,0,4,4,2,2,2,2,7,7,-3,-3,0,0,-1,-3,-5,-5,-5,-5,-5,-5,-5,-5,0,0,4,4,2,2,0,0,7,7,-3,-3,0,0,-1,-3,-5,-5,-5,-5,-5,-5,-5,-5
../2-4/shanx679.krn 9,9,9,12,7,7,7,7,9,9,9,12,7,7,7,7,9,9,9,12,9,9,9,7,4,4,4,0,2,2,2,2,7,7,2,5,7,7,7,7,9,9,9,12,7,7,7,7,2,2,2,4,0,0,-3,-3,-5,-5,-5,-5,-5,-5,-5,-5,12,12,4,4,7,7,7,7,2,2,4,4,2,2,2,2,2,2,4,4,2,2,0,0,-3,-3,-3,-5,-3,-3,-3,-3,7,7,2,5,7,7,7,7,9,9,9,12,7,7,7,7,-3,-3,0,0,0,0,7,7,2,2,2,2,0,0,-3,-3,-5,-5,-5,-5,-5,-5,-5,-5
../2-4/shanx680.krn 9,7,4,7,9,9,9,9,12,12,12,12,9,12,9,7,7,4,2,4,7,7,7,7,9,12,9,7,7,4,4,2,4,4,4,4,4,2,0,2,4,4,4,0,7,9,7,4,2,4,2,0,-1,-3,-5,-3,0,0,0,0,2,4,2,0,0,-3,-3,-5,-3,-3,-3,-3
../2-4/shanx681.krn 4,4,4,12,16,16,4,4,9,12,4,4,7,7,7,7,9,9,12,12,9,9,12,12,4,7,9,12,7,7,7,7,0,0,12,12,9,9,12,12,4,4,4,12,9,9,7,7,0,0,0,0,0,0,2,2,4,7,4,-1,2,2,2,2,0,0,7,7,7,4,2,2,4,4,4,2,-1,-1,-3,-3,0,0,0,0,2,2,4,4,2,2,0,0,-3,0,-5,-5,-3,-3,-3,-3,-3,-3,-3,-3
../2-4/shanx682.krn 9,9,9,9,4,4,7,7,9,9,16,16,12,12,14,14,16,16,14,12,9,9,12,12,9,9,7,7,4,4,4,4,4,4,7,7,4,4,7,7,9,9,16,16,12,12,9,9,7,7,7,7,7,7,7,7,9,9,7,9,12,12,9,9,7,7,7,7,7,7,7,7,9,9,12,12,9,9,7,7,4,4,2,2,4,4,4,4,9,9,12,12,9,9,7,7,9,9,12,12,9,9,7,7,4,4,2,2,4,4,4,4,9,9,9,9,12,12,12,12,4,4,4,2,4,4,4,4,9,9,12,12,9,12,9,7,4,4,2,2,4,4,4,4,9,9,12,12,9,12,9,7,4,4,2,2,4,4,4,4,9,9,12,12,9,12,9,7,9,9,12,12,9,9,7,7,4,4,2,2,4,4,4,4,4,4,4,7,4,4,4,7,4,4,7,7,4,4,7,7,4,4,7,7,4,4,7,7,9,9,9,7,4,4,2,2,0,0,0,0,0,0,-3,-3,0,0,0,0,0,0,4,4,2,2,-1,-1,-3,-3,-5,-5,-3,-3,-3,-3,-3,-3,-3,-3
../2-4/shanx687.krn 4,4,4,4,4,4,2,-3,0,0,0,0,0,0,0,0,-3,-3,0,0,-3,-3,-5,-5,-8,-8,-8,-8,0,0,0,0,-3,-3,0,0,0,0,2,2,4,4,7,7,4,4,2,2,4,4,4,2,2,2,-3,-3,0,0,0,0,0,0,0,0,-3,-3,0,0,-5,-5,-1,-1,-3,-3,-3,-3,-3,-3,-3,-3,-3,-3,0,0,-8,-8,-5,-5,-3,-3,-3,-3,-3,-3,-3,-3,-3,-3,0,0,-5,-5,-1,-1,-3,-3,-3,-3,-3,-3,-3,-3,-3,-3,0,0,-8,-8,-5,-5,-3,-3,-3,-3,-3,-3,-3,-3,2,2,2,2,7,7,4,4,2,2,2,4,2,2,0,0,-5,-5,-5,-5,0,0,0,0,2,2,2,0,-1,-1,-3,-3,-5,-5,-5,-5,-5,-5,-5,-5,0,0,0,-3,0,0,0,-3,0,0,0,0,0,0,0,0,2,2,2,2,7,7,4,4,-5,-5,-5,-5,0,0,0,0,2,2,2,0,-1,-1,-3,-3,-5,-5,-5,-5,-5,-5,-5,-5
../2-4/shanx691.krn 0,0,7,7,4,4,7,7,7,7,9,9,12,12,12,12,12,12,9,9,16,16,14,16,12,12,9,9,7,7,7,7,12,12,7,7,12,12,12,12,9,9,7,7,9,9,7,7,7,7,2,2,4,4,2,2,0,0,0,0,0,0,0,0,9,9,7,7,9,9,9,9,9,9,9,9,9,9,11,11,12,12,11,11,9,9,7,7,4,4,2,4,7,7,7,7,14,14,12,12,14,14,12,12,9,9,7,7,7,7,4,4,4,4,7,7,9,9,7,7,4,4,2,2,2,2,2,2,0,0,0,0,0,0,0,0
../2-4/shanx694.krn 9,9,9,4,7,7,7,12,9,7,4,-3,0,0,0,0,9,0,0,2,4,9,7,4,2,7,4,2,0,-3,0,0,0,2,7,4,2,4,2,0,2,2,2,-5,-3,-3,0,-3,-5,-5,-5,-5
../2-4/shanx695.krn 7,4,2,4,7,7,7,7,12,12,16,16,14,12,11,9,7,4,2,4,7,7,12,9,12,7,7,12,7,7,7,7,7,4,2,4,7,7,7,7,14,14,12,12,11,9,7,7,7,7,4,4,7,12,4,2,0,0,0,2,0,0,0,0,12,7,7,9,7,7,7,7,7,4,2,4,7,7,7,7,14,14,12,12,11,9,7,7,7,7,4,4,7,9,4,2,0,0,0,2,0,0,0,0
../2-4/shanx706.krn 16,9,12,14,16,16,14,12,16,16,9,12,9,7,4,4,7,4,7,9,12,12,12,9,16,16,14,12,9,7,4,9,7,7,7,7,7,9,12,12,16,14,14,12,4,4,7,7,12,12,9,7,7,2,4,2,0,0,0,0,4,4,4,7,9,9,9,9,9,12,9,7,7,2,4,2,0,0,0,7,4,2,0,-3,0,0,0,0
../2-4/shanx712.krn 7,9,7,7,7,9,7,7,2,4,7,2,0,0,0,0,-3,-3,-3,0,2,4,2,0,-3,0,-1,-3,-5,-5,-5,-5,2,0,2,2,0,7,7,9,7,7,7,0,2,4,2,-3,-5,-5,-5,-5,7,4,7,7,7,9,7,7,7,9,7,4,7,7,0,0,4,4,-1,-3,-5,-5,-5,-5
../2-4/shanx717.krn 0,0,0,0,-8,-8,-10,-8,-5,-5,-5,-5,-5,-5,-5,-5,2,2,7,7,5,5,4,2,0,0,0,0,0,0,0,0,2,2,7,7,5,5,4,7,2,2,2,2,2,2,7,7,0,0,-1,-3,-5,-5,-5,-5,4,4,2,4,-5,-5,-7,-7,-5,-5,-5,-5,-5,-5,-5,-5
../2-4/shanx718.krn 9,9,7,7,4,4,4,4,9,9,7,7,4,4,4,4,4,4,12,12,9,9,7,7,0,0,0,2,4,4,4,4,9,9,7,7,9,9,7,7,4,4,2,2,0,0,0,0,4,4,7,7,2,2,0,0,-3,-3,-3,-5,-3,-3,-3,-3,0,0,2,2,4,4,4,4,7,7,7,4,2,2,0,0,-3,-3,-3,-5,-3,-3,-3,-3
../2-4/shanx722.krn 7,7,4,4,7,7,9,9,-1,-1,-3,-3,-5,-5,-5,-5,2,2,4,4,7,7,4,7,2,2,2,2,2,2,2,2,7,7,4,4,7,7,9,9,-1,-1,4,4,2,2,0,0,-1,-1,-1,-3,-5,-5,-5,-5,-5,-5,-5,-3,-1,-1,-3,-3,-5,-5,-5,-5,-5,-5,-5,-5
../2-4/shanx723.krn 2,2,2,2,2,2,7,7,5,5,4,4,2,2,4,4,-3,-3,-1,-1,2,2,4,2,0,0,-1,-3,-5,-5,-5,-5,2,2,7,7,5,5,4,4,2,2,2,2,-5,-5,-3,-3,0,0,0,0,-1,-1,-3,-3,-5,-5,-5,-5,-3,-3,-8,-8,-5,-5,-5,-5,-5,-5,-5,-5
../2-4/shanx736.krn 7,7,4,7,12,12,9,12,9,7,5,7,2,2,2,2,2,2,-3,0,2,2,4,7,2,2,2,2,12,12,9,12,9,7,5,7,2,2,2,-3,-5,-5,-5,-5,2,2,-5,-5,2,2,-5,-5,7,12,9,7,7,9,0,0,2,2,0,-3,-5,-5,-3,0,-5,-5,-5,-5
../2-4/shanx740.krn 12,10,10,9,9,4,7,7,12,10,10,9,9,4,7,7,4,4,4,7,12,10,10,9,9,4,7,9,7,7,7,7,0,0,0,-3,12,12,12,9,7,7,12,12,2,4,2,4,7,7,7,2,4,7,4,2,0,0,0,0
../2-4/shanx746.krn 0,0,0,-3,0,0,-5,-5,7,7,7,9,7,7,7,7,12,12,12,9,7,7,4,4,2,2,2,0,2,2,2,2,2,2,2,4,7,7,7,7,12,12,12,11,9,9,7,7,7,7,4,4,2,2,-3,-3,-5,-5,-5,-5,-5,-5,-5,-5,7,7,7,9,0,0,2,2,4,4,4,2,4,4,4,4,2,4,2,0,0,0,-5,-5,-3,-3,-3,-3,-3,-3,-3,-3,7,7,7,9,7,7,9,9,12,12,12,12,9,9,7,7,7,7,9,9,7,7,0,0,4,4,4,4,2,0,-3,-3,-5,-5,-5,-5,-5,-5,-5,-5
../2-4/shanx749.krn 7,7,9,7,7,2,7,7,2,0,2,4,-1,-3,-5,-5,0,-1,-3,0,2,4,2,2,7,7,2,7,0,-1,2,-3,-5,-5,-5,-5
../2-4/shanx751.krn 7,7,9,7,5,5,2,2,7,7,9,7,5,5,2,2,7,7,4,4,7,7,9,9,-3,-3,0,0,2,2,2,2,9,9,7,7,9,9,7,7,4,4,9,9,7,7,7,7,-3,-3,0,0,2,2,2,2,5,5,5,2,0,0,4,4,2,2,-3,-3,-5,-5,-5,-5
../2-4/shanx752.krn 0,0,0,0,0,0,-1,-3,-5,-5,-5,-5,-5,-5,-5,-5,2,2,7,7,5,5,4,2,0,0,0,0,0,0,0,0,2,2,7,7,5,5,4,7,2,2,2,2,2,2,7,7,0,0,-1,-3,-5,-5,0,0,4,4,2,4,-5,-3,-5,-8,-5,-5,-5,-5,-5,-5,-5,-5
../2-4/shanx754.krn 2,2,2,4,2,0,-3,-5,0,0,0,0,-3,-3,-3,-3,2,2,2,4,2,0,9,7,0,0,0,0,-3,-3,-3,-3,2,2,0,0,2,2,2,2,7,7,7,7,9,12,9,7,5,5,7,7,2,2,0,0,-3,-3,0,0,-3,-5,-7,-7,-5,-5,-5,-5,-5,-5,-5,-5
../2-4/shanx765.krn 14,14,14,14,14,14,14,14,12,12,12,14,16,16,19,19,14,14,14,14,14,14,14,14,16,16,16,16,16,16,19,19,14,14,16,16,14,14,9,9,7,7,7,7,7,7,7,7,7,7,7,7,5,5,4,4,14,14,14,14,12,12,12,12,11,11,9,9,12,12,12,12,12,12,12,12,9,9,12,12,9,9,7,7,5,5,5,5,9,9,9,4,2,2,2,2,2,2,2,2
../2-4/shanx767.krn 7,7,9,5,7,9,7,7,2,7,5,7,-1,0,2,2,7,7,9,5,7,9,7,7,2,5,4,-5,-2,0,2,2,7,4,7,7,7,9,7,5,7,7,0,2,5,5,2,0,0,2,0,-3,-5,-5,-5,-5
../2-4/shanx772.krn 7,7,7,7,9,7,4,2,0,-1,-3,0,2,2,2,4,7,7,7,7,9,7,4,2,0,-1,-3,0,2,2,0,0,2,4,7,7,9,7,4,2,0,0,7,7,0,0,-1,-3,-5,-5,-5,-3,-1,-1,2,-3,-5,-5,-5,-5
../2-4/shanx777.krn 9,12,9,7,5,5,4,4,2,4,7,2,2,2,2,7,4,2,-3,0,2,2,0,0,12,12,12,9,7,9,7,4,7,4,2,0,-5,-5,0,0
../2-4/shanx780.krn 4,4,2,2,4,4,2,2,4,2,4,-3,0,-3,0,0,4,2,4,2,0,4,2,2,-3,-3,0,-8,-5,-5,-5,-5,4,7,2,0,-3,-3,0,4,-5,-5,-5,-5
../2-4/shanx782.krn 9,12,9,7,5,5,4,2,7,9,7,0,2,2,2,7,4,2,-3,0,2,2,2,2,12,12,12,9,7,9,7,7,0,4,2,0,-5,-5,-5,-5
../2-4/shanx785.krn 4,4,4,4,4,4,4,4,2,2,4,4,7,7,9,9,0,0,0,0,0,0,0,0,2,2,4,4,2,2,0,0,-3,-3,-3,-3,-3,-3,-3,-3,7,7,9,9,12,12,9,12,7,7,7,7,7,7,7,7,9,9,12,12,9,9,7,7,5,5,5,5,5,5,5,5,4,4,7,7,2,2,4,4,7,7,9,9,7,7,9,9,0,0,-3,-3,0,0,0,0,2,2,4,4,2,2,0,0,-3,-3,0,0,-1,-1,-3,-3,-5,-5,-5,-5,-5,-5,-5,-5,7,7,7,7,7,7,7,2,0,0,2,0,-1,-1,-1,-1,2,2,4,4,-3,-3,0,0,2,2,2,2,2,2,2,2,7,7,7,7,4,4,2,2,7,7,12,12,9,9,7,7,2,2,4,4,9,9,7,7,4,4,4,4,4,4,4,4,2,2,4,4,7,7,9,9,0,0,0,0,0,0,0,0,2,2,4,4,2,2,0,0,-3,-3,-3,-3,-3,-3,-3,-3
../2-4/shanx789.krn 12,12,12,16,14,14,14,16,12,12,12,16,14,14,14,16,12,12,12,12,14,14,12,12,11,11,9,9,7,7,7,7,4,4,7,7,16,16,14,12,9,9,12,12,9,9,7,7,9,9,12,12,9,9,7,7,4,4,7,7,9,7,4,2,0,0,0,0,0,0,0,0
../2-4/shanx790.krn 7,7,12,12,9,9,7,7,7,7,0,0,2,2,2,2,7,7,7,9,7,7,0,0,2,2,2,2,0,0,0,0,2,2,2,4,4,4,7,7,4,4,2,2,0,0,-1,-1,-3,-3,0,0,2,2,2,2,4,4,4,0,-1,-1,-3,-3,-5,-5,-5,-5,-5,-5,-5,-5
../2-4/shanx794.krn 7,7,7,12,9,9,9,7,7,7,0,0,2,2,2,2,7,7,7,9,7,7,0,0,2,2,2,2,2,2,2,2,2,2,4,4,9,9,7,7,4,4,2,2,0,0,-1,-1,-3,-3,0,0,2,2,2,4,7,7,0,0,-1,-1,-3,-3,-5,-5,-5,-5,-5,-5,-5,-5
../2-4/shanx800.krn 2,2,4,4,4,4,2,4,0,0,-1,-3,-5,-5,-8,-5,-3,-3,-3,-3,2,2,4,2,0,0,0,0,-3,-3,2,4,2,2,-1,-3,-5,-5,-5,-5,-5,-5,-5,-5,2,2,2,4,4,4,-3,-3,-5,-5,-5,-5,-5,-5,-5,-5,-5,-5,-5,-3,-1,-1,-3,-3,-5,-5,-5,-5,-5,-5,-5,-5,2,2,4,4,4,4,2,4,2,2,-1,-3,-5,-5,-5,-5,2,2,4,2,0,0,0,0,2,2,2,2,0,0,-1,-3,-5,-5,-5,-5,-5,-5,-5,-5,2,2,2,4,2,2,-3,-3,-5,-5,-5,-5,-5,-5,-5,-5,-3,-3,2,2,0,0,-3,-3,-5,-5,-5,-5,-5,-5,-5,-5,4,4,4,4,2,2,4,4,0,0,0,0,-3,-3,-3,-3,2,2,2,2,4,4,4,4,2,2,2,2,0,0,0,-3,-5,-5,-5,-5,-5,-5,7,7,4,4,4,4,4,4,4,4,-5,-5,-5,-5,-5,-5,-5,-5,-3,-3,-3,-3,0,0,-3,-3,-5,-5,-5,-5,-5,-5,-5,-5,-3,-3,-3,-3,2,2,4,4,2,2,0,0,-3,-3,-3,-3,7,7,7,4,-5,-5,-3,-3,-5,-5,-5,-5,-5,-5,-5,-5,-3,-3,2,2,0,0,-3,-3,-5,-5,-5,-5,-5,-5,-5,-5,-5,-5,-5,-3,-1,-1,-3,-3,-5,-5,-5,-5,-5,-5,-5,-5,4,4,4,4,2,2,4,4,0,0,0,0,-3,-3,-3,-3,2,2,2,2,2,2,4,4,2,2,2,2,-1,-1,-3,-3,-5,-5,-5,-5,-5,-5,-5,-5,0,0,0,0,0,0,-3,-3,-5,-5,-5,-5,0,0,0,0
../2-4/shanx802.krn 0,7,4,2,7,5,4,2,0,7,9,7,4,2,-3,0,0,7,4,7,2,4,2,2,0,2,0,-3,-5,-5,-5,-5,0,-1,0,0,0,2,7,7,7,7,0,0,2,-3,-5,-5,2,4,7,7,2,4,7,7,2,4,2,4,2,4,7,7,2,2,2,2,0,2,2,2,7,9,7,7,4,2,-3,0,2,2,2,2,2,2,2,-3,-5,-5,-5,-5
