d:\hsom\src\data\shanx004.krn 2,1,2,1,2,1,1,1,2,1,2,1,2,1,2,2,2,1,2,2,2,2,2,2,2,1,1,1,1,1,1,1,2,1,2,1,2,1,1,1,2,1,2,1,2,1,2,2,2,1,2,2,2,2,2,2,2,1,1,1,1,1,1,1
d:\hsom\src\data\shanx006.krn 2,1,2,1,1,1,2,1,2,1,2,1,2,1,2,1,2,1,2,1,2,1,2,1,2,1,1,1,1,1,1,1,2,1,2,1,1,1,2,1,2,1,1,2,2,1,2,1,2,1,2,1,2,1,2,1,2,1,1,1,1,1,1,1
d:\hsom\src\data\shanx007.krn 2,1,2,1,2,1,1,1,2,1,1,2,2,1,2,1,2,1,2,2,2,1,2,1,2,1,1,1,1,1,1,1,2,1,2,1,2,1,1,1,2,1,1,2,2,1,2,1,2,1,2,2,2,1,2,1,2,1,1,1,1,1,1,1
d:\hsom\src\data\shanx008.krn 2,1,1,2,2,1,2,1,2,1,2,1,2,1,2,1,2,1,1,2,2,1,2,1,2,1,1,1,1,1,1,1,2,1,1,2,2,1,2,1,2,1,2,1,2,1,2,1,2,1,1,2,2,1,2,1,2,1,1,1,1,1,1,1
d:\hsom\src\data\shanx009.krn 2,1,2,1,2,1,1,1,2,1,2,1,2,1,2,1,2,1,2,1,2,1,2,2,2,1,1,1,1,1,1,1,2,1,2,1,2,1,1,1,2,1,2,1,1,1,2,1,2,1,2,1,2,1,2,1,2,1,1,1,1,1,1,1
d:\hsom\src\data\shanx010.krn 2,1,1,2,2,1,1,1,2,1,2,2,2,1,1,1,2,1,2,1,2,1,2,2,2,1,1,1,1,1,1,1,2,1,1,2,2,1,1,1,2,1,2,1,2,1,2,1,2,1,2,1,2,1,2,1,2,1,2,1,1,1,1,1
d:\hsom\src\data\shanx011.krn 2,1,2,1,2,1,1,2,2,1,1,2,2,1,2,1,2,1,2,1,2,1,2,1,2,1,1,1,1,1,1,1,2,1,1,2,2,1,2,1,2,1,2,1,1,1,2,1,2,1,1,1,2,1,1,1,2,1,1,1,1,1,1,1
d:\hsom\src\data\shanx013.krn 2,1,1,2,2,1,1,1,2,1,2,1,2,1,1,1,2,1,1,2,2,1,2,1,2,1,1,1,1,1,1,1,2,1,1,2,2,1,1,1,2,1,2,1,2,1,2,1,2,1,2,1,2,1,2,1,2,1,1,1,1,1,1,1
d:\hsom\src\data\shanx014.krn 2,1,2,1,1,1,2,2,2,2,2,2,2,1,1,1,2,2,2,2,2,1,2,2,2,1,1,1,1,1,1,1,2,1,2,1,1,1,2,2,2,2,2,2,2,1,1,1,2,2,2,2,2,1,2,2,2,1,1,1,1,1,1,1
d:\hsom\src\data\shanx015.krn 2,1,2,1,1,1,2,2,2,1,2,1,2,1,2,2,2,1,2,2,2,1,2,2,2,1,1,1,1,1,1,1,2,1,2,1,1,1,2,2,2,1,2,1,2,1,2,2,2,1,2,2,2,1,2,2,2,1,1,1,1,1,1,1
d:\hsom\src\data\shanx017.krn 2,1,2,1,2,1,1,1,2,1,2,1,2,1,2,1,2,1,1,1,2,1,2,1,2,1,1,1,1,1,1,1,2,1,2,1,2,1,1,1,2,1,2,1,2,1,2,1,2,1,2,1,2,1,2,1,2,1,1,1,1,1,1,1
d:\hsom\src\data\shanx018.krn 2,1,2,1,1,1,2,2,2,1,2,1,2,1,2,2,2,1,1,1,2,1,2,2,2,1,1,1,1,1,1,1,2,1,2,1,1,1,2,2,2,1,2,1,2,1,2,2,2,1,1,1,2,1,2,2,2,1,1,1,1,1,1,1
d:\hsom\src\data\shanx019.krn 2,1,1,2,2,1,2,1,2,1,2,1,2,1,2,2,2,1,1,1,2,1,2,1,2,1,1,1,1,1,1,1,2,1,1,2,2,1,2,1,2,1,2,1,2,1,2,2,2,1,1,1,2,1,2,1,2,1,1,1,1,1,1,1
d:\hsom\src\data\shanx020.krn 2,1,2,2,2,1,2,2,2,1,2,1,2,1,2,2,2,1,1,2,2,1,2,2,2,1,1,1,1,1,1,1,2,1,2,2,2,1,2,2,2,1,2,1,2,1,2,2,2,1,1,2,2,1,2,2,2,1,1,1,1,1,1,1
d:\hsom\src\data\shanx021.krn 2,1,2,1,2,1,2,2,2,1,2,1,2,1,2,2,2,1,2,1,2,1,2,2,2,1,1,1,1,1,1,1,2,1,2,1,2,1,2,2,2,1,2,1,2,1,2,2,2,1,2,1,2,1,2,2,2,1,1,1,1,1,1,1
d:\hsom\src\data\shanx022.krn 2,2,2,2,2,1,1,1,2,2,2,2,2,1,1,1,2,2,1,2,2,1,2,2,2,1,1,1,1,1,1,1,2,2,2,2,2,1,1,1,2,2,2,2,2,1,1,1,2,2,1,2,2,1,2,2,2,1,1,1,1,1,1,1
d:\hsom\src\data\shanx023.krn 2,1,1,2,2,1,2,1,2,1,2,1,2,1,2,1,2,1,2,1,1,1,2,1,2,1,1,1,1,1,1,1,2,1,1,2,2,1,2,1,2,1,2,1,2,1,2,1,2,1,1,2,2,1,2,1,2,1,2,1,1,1,1,1
d:\hsom\src\data\shanx025.krn 2,1,2,1,1,1,2,2,2,1,2,1,1,1,2,1,2,1,2,1,2,1,2,1,2,1,1,1,1,1,1,1,2,1,2,1,1,1,2,2,2,1,2,1,1,1,2,1,2,1,2,1,2,1,2,2,2,1,1,1,1,1,1,1
d:\hsom\src\data\shanx026.krn 2,1,1,2,2,1,2,2,2,1,2,1,2,1,2,1,2,1,1,1,2,1,2,1,2,1,1,1,1,1,1,1,2,1,1,2,2,1,2,1,2,1,2,1,2,1,2,1,2,1,1,2,2,1,2,1,2,1,1,1,1,1,1,1
d:\hsom\src\data\shanx027.krn 2,1,2,1,1,1,2,1,2,1,1,1,1,1,2,1,2,1,2,1,2,1,2,1,2,1,1,1,1,1,1,1,2,1,2,1,1,1,2,1,2,1,1,1,2,1,2,1,2,1,2,1,2,1,2,1,2,1,1,1,1,1,1,1
d:\hsom\src\data\shanx028.krn 2,1,2,1,1,1,2,2,2,2,2,2,2,1,2,2,2,1,1,2,2,1,2,2,2,1,1,1,1,1,1,1,2,1,2,1,1,1,2,2,2,2,2,2,2,1,2,2,2,1,1,2,2,1,2,2,2,1,1,1,1,1,1,1
d:\hsom\src\data\shanx029.krn 2,1,2,1,2,1,2,1,2,1,2,2,2,1,1,1,2,1,2,2,2,1,2,2,2,1,1,1,1,1,1,1,2,1,2,2,2,1,1,1,2,1,2,2,2,1,2,2,2,1,2,1,2,1,2,2,2,1,1,1,1,1,1,1
d:\hsom\src\data\shanx031.krn 2,1,2,1,1,1,2,2,2,2,2,1,1,1,2,1,2,1,2,2,2,1,2,2,2,1,1,1,1,1,1,1,2,1,2,1,1,1,2,2,2,2,2,1,1,1,2,2,2,1,2,2,2,1,2,2,2,1,2,2,2,1,1,1
d:\hsom\src\data\shanx032.krn 2,1,2,1,1,1,2,2,2,1,1,2,2,1,2,1,2,1,2,2,2,1,2,2,2,1,1,1,1,1,1,1,2,1,2,1,1,1,2,2,2,1,1,2,2,1,2,1,2,1,1,2,2,1,2,2,2,1,1,1,1,1,1,1
d:\hsom\src\data\shanx034.krn 2,1,1,1,2,1,1,2,2,1,2,1,2,1,2,1,2,1,2,1,2,1,2,2,2,1,1,1,1,1,1,1,2,1,1,1,2,1,1,2,2,1,2,1,2,1,2,1,2,1,2,1,2,1,2,2,2,1,1,1,1,1,1,1
d:\hsom\src\data\shanx035.krn 2,1,1,2,2,1,2,1,2,1,1,2,2,2,2,1,2,1,1,2,2,1,2,2,2,1,1,1,1,1,1,1,2,1,1,2,2,1,2,1,2,1,2,1,2,2,2,1,2,1,1,2,2,2,2,1,2,1,1,1,1,1,1,1
d:\hsom\src\data\shanx036.krn 2,1,2,1,1,1,2,2,2,1,2,1,1,1,2,1,2,1,2,1,2,1,2,1,2,1,1,1,1,1,1,1,2,1,2,1,1,1,2,2,2,1,2,1,1,1,2,1,2,1,2,1,2,1,2,1,2,1,1,1,1,1,1,1
d:\hsom\src\data\shanx037.krn 2,1,2,1,2,1,2,2,2,1,2,1,2,1,2,1,2,1,2,1,2,1,2,1,2,1,1,1,1,1,1,1,2,1,2,1,2,1,2,1,2,1,2,1,2,1,2,1,2,1,2,1,2,1,2,1,2,1,1,1,1,1,1,1
d:\hsom\src\data\shanx040.krn 2,1,2,1,2,1,1,1,2,1,2,1,2,1,2,1,2,1,2,1,2,1,2,1,2,1,1,1,1,1,1,1,2,1,2,1,2,1,1,1,2,1,2,1,2,1,2,1,2,1,2,1,2,1,2,1,2,1,1,1,1,1,1,1
d:\hsom\src\data\shanx041.krn 2,2,2,1,2,1,2,2,2,2,2,2,2,1,1,1,2,1,2,2,2,2,2,2,2,1,1,1,1,1,1,1,2,1,2,1,2,1,2,2,2,2,2,2,2,1,1,2,2,1,2,2,2,2,2,2,2,1,1,1,1,1,1,1
d:\hsom\src\data\shanx042.krn 2,1,1,2,2,1,1,1,2,1,2,1,2,1,2,1,2,1,2,1,2,1,2,1,2,1,1,1,1,1,1,1,2,1,1,2,2,1,1,1,2,1,2,1,2,1,2,1,2,1,2,1,2,1,1,1,2,1,1,1,1,1,1,1
d:\hsom\src\data\shanx043.krn 2,1,2,1,2,1,1,1,2,1,2,1,2,1,1,1,2,1,1,1,2,1,2,1,2,1,1,1,1,1,1,1,2,1,2,1,2,1,1,1,2,1,2,1,2,1,1,1,2,1,1,1,2,2,2,1,2,1,1,1,1,1,1,1
d:\hsom\src\data\shanx044.krn 2,1,1,2,2,1,2,1,2,1,2,1,1,1,2,1,2,1,1,1,2,1,2,1,2,1,1,1,1,1,1,1,2,1,1,2,2,1,2,1,2,1,2,1,1,1,2,1,2,1,1,1,2,1,2,1,2,1,1,1,1,1,1,1
d:\hsom\src\data\shanx045.krn 2,1,2,2,2,1,1,1,2,1,2,1,2,1,2,1,2,1,2,1,2,1,2,1,2,1,1,1,1,1,1,1,2,1,2,2,2,1,1,1,2,1,2,1,2,1,2,1,2,1,2,1,2,1,2,1,2,1,1,1,1,1,1,1
d:\hsom\src\data\shanx046.krn 2,1,1,1,2,1,0,0,2,1,2,1,1,1,2,1,2,1,2,1,2,1,1,1,2,1,1,1,1,1,1,1,2,1,1,1,2,1,0,0,2,1,2,1,1,1,2,1,2,1,2,1,2,1,1,2,2,1,1,1,1,1,1,1
d:\hsom\src\data\shanx048.krn 2,1,2,1,1,1,2,1,2,1,2,1,1,1,2,1,2,1,1,2,2,1,2,1,2,1,1,1,1,1,1,1,2,1,2,1,1,1,2,1,2,1,2,1,1,1,2,1,2,1,1,2,2,1,2,1,2,1,1,1,1,1,1,1
d:\hsom\src\data\shanx049.krn 2,1,2,1,1,1,2,2,2,1,2,1,1,1,2,2,2,1,2,1,2,1,2,2,2,1,1,1,1,1,1,1,2,1,2,1,1,1,2,2,2,1,2,1,1,1,2,2,2,1,2,1,2,1,1,1,2,1,2,1,2,1,1,1
d:\hsom\src\data\shanx050.krn 2,1,2,1,2,1,2,2,2,2,2,1,1,1,0,0,2,1,2,1,2,1,2,2,2,1,1,1,1,1,1,1,2,1,2,1,2,1,2,1,2,2,2,1,1,1,0,0,2,1,2,1,1,1,2,1,2,1,1,1,1,1,1,1
d:\hsom\src\data\shanx067.krn 2,2,2,2,2,1,1,1,2,1,2,2,2,1,1,1,2,2,2,2,2,2,2,1,2,2,2,2,2,1,1,1,2,2,2,2,2,2,2,2,2,2,2,2,2,1,1,1,2,2,2,2,2,2,2,1,2,2,2,2,2,1,1,1
d:\hsom\src\data\shanx070.krn 2,1,2,1,2,1,2,1,2,1,2,1,2,1,2,1,2,1,1,1,2,1,2,1,2,1,2,1,2,1,1,1,2,1,2,1,2,1,2,1,2,1,2,1,2,1,2,1,2,1,2,1,2,1,2,1,2,1,1,1,1,1,1,1
d:\hsom\src\data\shanx083.krn 2,1,1,2,2,1,2,1,2,1,2,1,2,1,1,1,2,1,1,2,2,1,2,1,2,1,2,1,2,1,1,1,2,1,2,1,2,1,2,2,2,2,1,2,2,1,2,1,2,2,2,2,2,1,2,1,2,1,2,2,2,1,1,1
d:\hsom\src\data\shanx097.krn 2,1,2,1,2,2,2,2,2,1,2,1,2,1,1,2,2,1,2,1,2,1,2,1,2,1,1,1,1,1,1,1,2,1,2,1,2,2,2,2,2,1,2,1,2,1,1,1,2,1,2,1,2,2,2,2,2,1,1,1,1,1,1,1
d:\hsom\src\data\shanx105.krn 2,1,2,2,2,1,1,1,2,1,2,1,2,1,2,1,2,1,2,2,2,1,2,1,2,1,1,1,2,1,2,1,2,1,2,1,2,1,2,1,2,1,2,1,2,1,2,2,2,1,2,1,2,1,2,1,2,1,1,1,1,1,1,1
d:\hsom\src\data\shanx106.krn 2,1,2,1,2,1,2,2,2,1,2,2,2,1,1,1,2,1,2,1,2,1,2,2,2,1,1,1,1,1,1,1,2,1,2,1,2,1,2,2,2,1,2,2,2,1,1,1,2,1,2,1,2,1,2,2,2,1,1,1,1,1,1,1
d:\hsom\src\data\shanx113.krn 2,1,2,1,2,1,2,1,2,1,2,1,2,1,1,2,2,1,2,2,2,2,2,2,2,1,2,1,2,1,2,1,2,1,2,2,2,1,2,2,2,1,2,2,2,1,1,2,2,1,2,2,2,1,2,1,2,1,1,1,1,1,1,1
d:\hsom\src\data\shanx154.krn 2,1,2,1,2,1,1,1,2,1,1,2,2,1,2,1,2,1,2,1,2,1,2,1,2,1,1,1,1,1,1,1,2,1,1,1,2,1,1,1,2,1,2,1,2,1,2,1,2,1,2,2,2,1,2,1,2,1,1,1,1,1,1,1
d:\hsom\src\data\shanx162.krn 2,1,2,2,2,1,2,2,2,1,1,1,1,1,2,1,2,1,2,2,2,1,2,2,2,1,1,1,1,1,2,1,2,2,2,2,2,1,2,2,2,2,2,2,2,1,1,1,2,2,2,2,2,1,2,2,2,1,1,2,2,1,1,1
d:\hsom\src\data\shanx163.krn 2,1,1,2,2,1,1,1,2,1,2,1,2,1,1,1,2,1,2,1,2,1,2,1,2,1,1,1,1,1,1,1,2,1,2,1,2,1,2,1,2,1,2,1,2,1,2,1,2,1,2,1,2,1,2,2,2,1,1,1,1,1,1,1
d:\hsom\src\data\shanx166.krn 2,1,2,2,2,1,1,1,2,1,2,2,2,1,1,1,2,1,2,1,2,1,2,2,2,2,2,2,2,1,1,1,2,1,2,1,2,1,2,1,2,1,2,1,2,1,1,1,2,1,2,2,2,1,2,2,2,1,1,1,1,1,1,1
d:\hsom\src\data\shanx167.krn 2,1,2,2,2,1,2,1,2,1,2,2,2,1,1,1,2,1,2,2,2,1,2,2,2,1,1,1,1,1,1,1,2,1,2,2,2,1,2,2,2,1,2,1,2,1,1,1,2,1,2,2,2,1,2,1,2,1,1,1,1,1,1,1
d:\hsom\src\data\shanx178.krn 2,1,1,1,2,1,2,1,2,1,1,1,2,1,2,1,2,1,2,1,2,1,2,1,2,1,1,1,1,1,1,1,2,1,2,1,1,1,2,1,2,1,1,1,1,1,2,1,2,1,2,1,2,1,2,1,2,1,1,1,1,1,1,1
d:\hsom\src\data\shanx184.krn 2,1,1,1,2,1,2,1,2,1,1,1,2,1,2,1,2,1,2,1,1,1,2,2,2,1,2,2,2,1,1,1,2,1,2,1,1,1,2,1,2,1,2,1,2,1,2,1,2,1,2,1,2,1,2,2,2,1,1,1,1,1,1,1
d:\hsom\src\data\shanx187.krn 2,1,1,1,2,1,2,1,2,1,2,1,2,1,2,1,2,1,2,1,2,1,2,1,2,1,1,1,1,1,1,1,2,1,2,1,2,1,2,1,2,1,2,1,2,1,2,1,2,1,2,2,2,1,2,1,2,1,1,1,1,1,1,1
d:\hsom\src\data\shanx188.krn 2,1,2,1,2,1,2,2,2,2,2,2,2,1,1,1,2,1,2,2,2,1,2,2,2,2,2,1,2,1,1,1,2,1,2,2,2,1,1,1,2,1,2,2,2,1,2,2,2,1,2,2,2,2,2,2,2,1,1,1,1,1,1,1
d:\hsom\src\data\shanx190.krn 2,1,2,1,2,1,2,1,2,1,2,2,2,1,1,1,2,1,2,1,2,1,2,2,2,1,2,1,2,1,2,1,2,1,1,2,2,1,2,1,2,1,1,2,2,1,1,1,2,1,2,2,2,2,2,2,2,1,1,1,1,1,1,1
d:\hsom\src\data\shanx201.krn 0,0,2,1,2,1,2,2,2,1,2,1,2,1,1,1,0,0,2,1,2,1,2,2,2,1,1,2,2,2,2,1,0,0,2,1,2,1,2,2,2,1,2,2,2,2,2,1,0,0,2,1,2,1,2,2,2,2,2,2,2,1,1,1
d:\hsom\src\data\shanx218.krn 2,1,2,2,2,2,2,1,2,1,1,2,2,1,2,1,2,1,2,2,2,2,2,2,2,1,1,2,2,1,2,1,2,1,2,1,1,1,2,1,2,1,2,2,2,1,1,2,2,2,1,2,2,2,2,2,2,1,1,1,1,1,1,1
d:\hsom\src\data\shanx243.krn 2,1,2,1,2,1,2,2,2,1,2,1,1,1,2,1,2,1,2,2,2,2,2,2,2,1,1,2,2,2,2,1,2,1,2,1,2,1,2,2,2,1,2,1,1,1,2,1,2,1,1,2,2,2,2,2,2,1,1,1,1,1,1,1
d:\hsom\src\data\shanx250.krn 2,1,2,1,2,1,2,2,2,1,2,2,2,1,1,1,2,1,2,1,2,1,2,2,2,1,2,2,2,1,1,1,2,1,2,1,2,1,2,2,2,1,2,2,2,1,2,1,2,1,2,2,2,1,2,2,2,1,1,1,1,1,1,1
d:\hsom\src\data\shanx255.krn 2,2,1,2,2,2,1,2,2,2,1,2,2,2,1,2,2,2,1,2,2,2,1,2,2,2,1,2,2,1,1,1,2,2,1,2,2,2,1,2,2,2,1,2,2,2,1,2,2,2,1,2,2,2,1,2,2,1,1,1,1,1,1,1
d:\hsom\src\data\shanx265.krn 2,1,1,1,1,1,2,1,2,1,2,1,2,1,1,1,2,1,2,1,2,1,2,1,2,1,2,1,2,1,1,1,2,1,2,1,2,1,2,1,2,1,1,2,2,1,2,1,2,1,2,1,2,1,2,1,2,1,1,1,1,1,1,1
d:\hsom\src\data\shanx266.krn 2,1,1,2,2,1,2,1,2,1,2,1,2,1,2,1,2,1,2,1,2,1,2,1,2,1,2,1,2,1,1,1,2,1,2,1,2,1,2,1,2,1,2,1,2,1,1,1,2,1,1,2,2,1,2,1,2,1,1,1,1,1,1,1
d:\hsom\src\data\shanx269.krn 2,1,2,1,2,1,2,2,2,1,2,2,2,1,2,1,2,1,1,2,2,2,2,2,2,1,1,1,1,1,2,2,2,1,1,2,2,1,2,2,2,1,2,2,2,1,2,1,2,1,1,2,2,1,2,2,2,1,1,1,1,1,1,1
d:\hsom\src\data\shanx271.krn 2,1,2,2,2,1,2,2,2,1,2,2,2,1,1,1,2,1,2,2,2,1,2,2,2,1,2,2,2,1,1,1,2,1,2,2,2,1,2,2,2,2,2,2,2,1,1,2,2,1,2,2,2,2,2,2,2,1,1,1,1,1,1,1
d:\hsom\src\data\shanx274.krn 2,1,1,2,2,1,2,2,2,1,1,2,2,1,2,2,2,1,1,2,2,1,2,2,2,2,2,2,2,1,1,1,2,2,1,2,2,1,2,1,2,1,2,1,2,1,2,2,2,2,1,2,2,1,2,2,2,2,2,2,2,1,1,1
d:\hsom\src\data\shanx313.krn 2,1,2,1,2,1,2,1,2,1,2,1,2,1,2,1,2,1,2,2,2,1,2,1,2,1,2,2,2,1,1,1,2,1,1,2,2,1,1,1,2,1,2,1,2,1,2,1,2,1,1,2,2,1,2,1,2,1,1,1,1,1,1,1
d:\hsom\src\data\shanx336.krn 2,1,2,1,2,2,2,2,2,1,2,2,2,1,2,1,2,1,2,1,2,2,2,2,2,1,1,1,1,1,2,1,2,1,2,1,2,2,2,2,2,1,2,2,2,1,2,1,2,2,1,2,2,2,2,1,2,1,1,1,1,1,1,1
d:\hsom\src\data\shanx338.krn 2,1,2,1,2,1,2,2,2,1,2,2,2,1,1,1,2,1,2,1,2,1,2,2,2,1,2,2,2,1,1,1,2,1,2,1,2,1,2,2,2,1,2,1,2,2,2,2,2,1,2,1,2,2,2,2,2,1,1,1,1,1,1,1
d:\hsom\src\data\shanx341.krn 2,1,2,2,2,1,2,2,2,1,2,1,2,1,1,1,2,1,2,2,2,1,2,2,2,1,2,1,2,1,1,1,2,1,2,1,2,1,2,1,2,1,1,2,2,1,1,1,2,1,2,2,2,1,2,1,2,1,1,1,1,1,1,1
d:\hsom\src\data\shanx345.krn 2,1,2,2,2,2,2,2,2,1,2,2,2,1,2,1,2,1,2,2,2,2,2,2,2,2,2,2,2,1,1,1,2,1,2,2,2,1,1,2,2,2,2,2,2,1,1,2,2,1,2,2,2,2,2,2,2,1,1,2,2,1,1,1
d:\hsom\src\data\shanx347.krn 0,0,0,0,2,1,2,1,2,1,2,1,2,1,2,2,2,1,2,2,2,1,2,2,2,1,1,2,2,1,1,1,2,1,2,1,2,1,2,2,2,1,2,1,2,1,2,1,2,1,2,2,2,2,1,2,2,1,1,2,2,1,1,1
d:\hsom\src\data\shanx355.krn 2,1,2,2,2,1,2,2,2,1,1,2,2,1,2,2,2,1,2,2,2,1,2,2,2,1,1,1,1,1,1,1,2,1,2,2,2,1,2,2,2,1,1,2,2,1,2,2,2,1,2,2,2,1,2,2,2,1,1,1,1,1,1,1
d:\hsom\src\data\shanx356.krn 2,1,2,2,2,1,2,2,2,2,2,2,2,1,2,2,2,1,2,1,2,2,1,2,2,1,1,1,1,1,1,1,2,1,2,2,2,1,2,2,2,2,2,2,2,1,2,2,2,1,2,1,2,2,1,2,2,1,1,1,1,1,1,1
d:\hsom\src\data\shanx361.krn 2,1,2,2,2,1,2,2,2,1,2,2,2,1,2,2,2,2,2,1,2,1,2,2,2,2,2,2,2,1,1,1,2,1,1,2,2,1,2,2,2,1,2,1,2,1,0,0,2,2,2,1,2,2,2,1,2,2,2,2,2,1,1,1
d:\hsom\src\data\shanx363.krn 2,1,2,2,2,2,2,2,2,1,1,1,1,1,2,1,2,2,2,2,2,1,2,2,2,1,1,1,1,1,1,1,2,1,2,1,2,1,2,2,2,2,2,1,2,1,1,2,2,2,2,2,2,1,2,2,2,1,1,1,1,1,1,1
d:\hsom\src\data\shanx388.krn 2,1,2,2,2,2,2,2,2,2,2,2,2,1,2,2,2,1,2,2,2,2,2,2,2,2,2,2,2,1,1,1,2,1,2,2,2,1,2,1,2,1,2,2,2,2,2,2,2,2,2,2,2,1,2,2,2,1,1,1,1,1,1,1
d:\hsom\src\data\shanx389.krn 2,1,2,2,2,1,1,2,2,1,2,2,2,2,1,2,2,1,2,1,2,2,2,1,2,1,1,1,1,1,1,1,2,1,2,2,2,1,1,2,2,1,2,2,2,2,1,2,2,1,2,1,2,2,2,1,2,1,1,1,1,1,1,1
d:\hsom\src\data\shanx391.krn 2,1,1,1,2,1,2,1,2,1,2,1,2,1,1,1,2,1,2,1,2,1,2,1,2,1,2,1,2,1,2,1,2,1,2,1,2,1,2,1,2,1,2,1,2,1,2,1,2,1,1,2,2,1,2,1,2,1,1,1,1,1,1,1
d:\hsom\src\data\shanx402.krn 2,1,2,1,2,2,2,2,2,2,2,2,2,1,1,1,2,1,2,1,2,2,2,2,2,2,2,2,2,1,1,1,2,1,2,1,2,2,2,2,2,1,2,1,2,1,2,2,2,2,2,2,2,1,2,2,2,1,1,1,1,1,1,1
d:\hsom\src\data\shanx403.krn 2,1,2,1,2,1,1,1,2,1,2,1,2,1,2,1,2,1,2,1,2,1,2,1,2,1,1,1,1,1,1,1,2,1,2,1,2,1,2,1,2,1,2,1,2,1,2,1,2,1,2,1,2,1,2,1,2,1,1,1,1,1,1,1
d:\hsom\src\data\shanx404.krn 2,1,1,1,2,1,2,1,2,1,2,1,1,1,2,1,2,1,2,1,2,1,2,1,2,1,1,1,1,1,1,1,2,1,1,1,2,1,2,1,2,1,2,1,1,1,2,1,2,1,2,1,2,1,2,1,2,1,1,1,1,1,1,1
d:\hsom\src\data\shanx405.krn 2,1,2,1,2,2,2,2,2,1,2,2,2,1,1,1,2,1,2,1,2,2,2,2,2,1,1,1,1,1,1,1,2,1,2,1,2,2,2,2,2,1,2,2,2,1,1,1,2,1,2,1,2,2,2,2,2,1,1,1,1,1,1,1
d:\hsom\src\data\shanx406.krn 2,1,2,1,1,1,2,2,2,1,2,1,2,2,1,2,2,2,2,2,2,1,1,2,2,1,1,1,1,1,1,1,2,1,2,1,1,1,2,2,2,1,2,1,2,2,1,2,2,2,2,2,2,1,1,2,2,1,1,1,1,1,1,1
d:\hsom\src\data\shanx407.krn 2,1,2,1,2,2,2,2,2,1,2,2,2,1,1,2,2,1,1,2,2,1,2,2,2,1,1,1,1,1,1,1,2,1,2,1,2,2,2,2,2,1,2,2,2,1,1,2,2,1,1,2,2,1,2,1,2,1,1,1,1,1,1,1
d:\hsom\src\data\shanx408.krn 2,1,2,1,1,1,2,1,2,1,1,2,2,1,2,1,2,1,2,1,1,1,2,1,2,1,1,1,1,1,1,1,2,1,2,1,1,1,2,1,2,1,1,2,2,1,2,1,2,1,2,1,2,1,2,2,2,1,1,1,1,1,1,1
d:\hsom\src\data\shanx409.krn 2,1,2,1,2,1,1,1,2,1,2,1,1,1,2,1,2,1,1,2,2,1,2,1,2,1,1,1,1,1,1,1,2,1,2,1,2,1,1,1,2,1,2,1,1,1,2,1,2,1,1,2,2,1,2,1,2,1,2,1,1,1,1,1
d:\hsom\src\data\shanx410.krn 2,1,1,2,2,1,2,1,2,1,2,1,1,1,2,2,2,1,2,1,2,1,2,1,2,1,1,1,1,1,1,1,2,1,1,2,2,1,2,1,2,1,2,1,1,1,2,2,2,1,2,1,2,1,2,1,2,1,1,1,1,1,1,1
d:\hsom\src\data\shanx411.krn 2,1,1,2,2,1,1,1,2,1,2,1,2,1,2,1,2,1,1,2,2,2,2,2,2,1,1,1,1,1,1,1,2,1,1,2,2,1,1,1,2,1,2,1,2,1,2,1,2,1,2,1,2,1,2,1,2,1,1,1,1,1,1,1
d:\hsom\src\data\shanx412.krn 2,1,2,1,2,1,1,1,2,1,2,1,1,1,2,2,2,1,2,1,2,1,2,1,2,1,1,1,1,1,1,1,2,1,2,1,2,1,1,1,2,1,2,1,1,1,2,2,2,1,2,1,2,1,2,1,2,1,1,1,1,1,1,1
d:\hsom\src\data\shanx415.krn 2,1,1,2,2,1,2,2,2,1,1,2,2,1,2,2,2,1,2,1,2,1,2,2,2,1,1,1,1,1,1,1,2,1,1,2,2,1,2,2,2,1,1,2,2,1,2,2,2,1,2,1,2,1,2,2,2,1,1,1,1,1,1,1
d:\hsom\src\data\shanx417.krn 2,1,1,1,2,1,1,1,2,1,1,1,2,1,1,1,2,1,2,1,2,1,2,1,2,1,1,1,1,1,1,1,2,1,1,2,2,1,2,1,2,1,2,1,2,1,1,1,2,1,2,1,1,1,2,1,2,1,1,1,1,1,1,1
d:\hsom\src\data\shanx418.krn 2,1,1,2,2,1,1,1,2,1,2,1,1,1,2,1,2,1,1,1,2,1,2,1,2,1,1,1,1,1,1,1,2,1,1,2,2,1,1,1,2,1,2,1,1,1,2,1,2,1,1,1,2,1,2,1,2,1,1,1,1,1,1,1
d:\hsom\src\data\shanx419.krn 2,2,2,2,2,1,1,2,2,2,2,2,2,1,1,1,2,1,2,1,1,1,2,2,2,2,2,2,2,1,1,1,2,2,2,2,2,1,1,2,2,2,2,2,2,1,1,1,2,1,2,1,1,1,2,2,2,1,2,1,1,1,1,1
d:\hsom\src\data\shanx420.krn 2,1,1,2,2,1,1,1,2,1,2,1,2,1,2,1,2,1,1,1,2,1,2,1,2,1,1,1,1,1,1,1,2,1,1,2,2,1,1,1,2,1,2,1,2,1,2,1,2,1,1,1,2,1,2,1,2,1,1,1,1,1,1,1
d:\hsom\src\data\shanx421.krn 2,1,1,2,2,1,2,1,2,1,2,1,1,1,1,1,2,1,1,1,2,1,2,1,2,1,2,1,1,1,1,1,2,1,1,2,2,1,2,1,2,1,2,1,1,1,2,1,2,1,1,2,2,1,2,1,2,1,2,1,1,1,1,1
d:\hsom\src\data\shanx422.krn 2,1,2,2,2,1,1,2,2,1,2,2,2,2,1,2,2,1,2,1,2,2,2,1,2,1,1,1,1,1,1,1,2,1,2,2,2,1,1,2,2,1,2,2,2,2,1,2,2,1,2,1,2,2,2,1,2,1,1,1,1,1,1,1
d:\hsom\src\data\shanx423.krn 2,2,2,2,2,1,1,2,2,1,2,1,1,1,2,1,2,1,2,1,2,2,2,2,2,1,1,1,1,1,1,1,2,2,2,2,2,1,1,2,2,1,2,1,1,1,2,1,2,1,2,1,2,2,2,1,2,1,1,1,1,1,1,1
d:\hsom\src\data\shanx424.krn 2,1,1,2,2,1,2,1,2,1,2,1,1,1,2,1,2,1,1,1,2,1,2,1,2,1,1,1,1,1,1,1,2,1,1,2,2,1,2,1,2,1,2,1,1,1,2,1,2,1,1,1,2,1,2,1,2,1,1,1,1,1,1,1
d:\hsom\src\data\shanx425.krn 2,1,2,2,2,1,2,1,2,1,2,1,2,1,2,1,2,1,2,1,2,1,2,2,2,1,1,1,1,1,1,1,2,1,2,2,2,1,2,1,2,1,2,1,2,1,2,1,2,1,2,1,2,1,2,2,2,1,1,1,1,1,1,1
d:\hsom\src\data\shanx426.krn 2,1,2,1,2,1,1,1,2,1,2,1,2,1,2,1,2,1,2,2,2,1,2,1,2,1,1,1,1,1,1,1,2,1,2,1,2,1,1,1,2,1,2,1,2,1,2,1,2,1,1,2,2,1,2,1,2,1,1,1,1,1,1,1
d:\hsom\src\data\shanx427.krn 2,1,1,2,2,1,2,1,2,1,2,1,2,1,2,1,2,1,2,1,1,1,2,1,2,1,1,1,1,1,1,1,2,1,1,2,2,1,2,1,2,1,2,1,2,1,2,1,2,1,2,1,2,1,1,1,2,1,1,1,1,1,1,1
d:\hsom\src\data\shanx428.krn 2,1,2,2,2,2,1,2,2,2,2,2,2,2,2,1,2,1,2,1,2,2,1,2,2,1,1,1,1,1,1,1,2,1,2,2,2,2,1,2,2,2,2,2,2,2,2,1,2,1,1,2,2,2,1,2,2,1,1,1,1,1,1,1
d:\hsom\src\data\shanx429.krn 2,1,1,2,2,1,1,1,2,1,2,1,2,1,2,1,2,1,2,1,2,1,2,1,2,1,1,1,1,1,1,1,2,1,1,2,2,1,1,1,2,1,2,1,2,1,2,1,2,1,2,1,2,1,2,1,2,1,1,1,1,1,1,1
d:\hsom\src\data\shanx430.krn 2,1,2,1,2,1,1,1,2,1,2,1,2,1,1,1,2,1,2,1,2,1,2,1,2,1,2,1,1,1,1,1,2,1,2,1,2,1,1,1,2,1,2,1,1,1,2,1,2,1,2,1,2,1,2,1,2,1,1,1,1,1,1,1
d:\hsom\src\data\shanx431.krn 2,1,2,1,1,1,2,2,2,1,2,1,2,1,1,1,2,1,2,1,2,1,2,1,2,1,1,1,1,1,1,1,2,1,2,1,1,1,2,2,2,1,2,1,2,1,1,1,2,1,2,1,2,1,2,1,2,1,1,1,1,1,1,1
d:\hsom\src\data\shanx432.krn 2,1,2,1,2,1,1,1,2,1,2,2,2,1,1,1,2,1,2,1,2,1,2,1,2,1,1,1,1,1,1,1,2,1,2,2,2,1,1,1,2,1,2,2,2,1,1,2,2,1,2,1,1,1,2,1,2,1,1,1,1,1,1,1
d:\hsom\src\data\shanx434.krn 2,1,2,1,2,1,2,1,2,1,1,2,2,1,2,1,2,1,2,1,2,1,2,1,2,1,1,1,1,1,1,1,2,1,2,1,2,1,2,1,2,1,1,2,2,1,2,1,2,1,2,1,2,1,2,1,2,1,1,1,1,1,1,1
d:\hsom\src\data\shanx435.krn 2,1,2,1,2,1,2,1,2,1,2,1,2,1,2,1,2,1,1,1,2,1,2,1,2,1,1,1,1,1,1,1,2,1,2,1,2,1,2,1,2,1,2,1,2,1,2,1,2,1,2,1,2,1,2,1,2,1,1,1,1,1,1,1
d:\hsom\src\data\shanx436.krn 2,1,2,1,2,1,1,1,2,1,2,1,2,1,2,2,2,1,2,1,2,1,2,1,2,1,1,1,1,1,1,1,2,1,2,1,2,1,1,1,2,1,2,1,2,1,2,2,2,1,2,1,2,1,2,1,2,1,1,1,1,1,1,1
d:\hsom\src\data\shanx437.krn 2,1,1,2,2,1,2,1,2,1,2,1,1,1,2,1,2,1,1,2,2,1,2,1,2,1,1,1,1,1,1,1,2,1,1,2,2,1,2,1,2,1,2,1,1,1,2,1,2,1,1,2,2,1,2,1,2,1,1,1,1,1,1,1
d:\hsom\src\data\shanx439.krn 2,1,2,2,2,1,2,1,2,1,2,2,2,1,2,1,2,1,1,2,2,1,2,1,2,1,1,1,1,1,1,1,2,1,1,2,2,1,2,1,2,1,2,1,2,1,2,1,2,1,1,1,2,1,2,1,2,1,1,1,1,1,1,1
d:\hsom\src\data\shanx442.krn 2,1,1,2,2,1,2,2,2,1,2,1,1,1,2,1,2,1,1,2,2,1,2,1,2,2,2,1,2,1,1,1,2,1,1,2,2,1,2,2,2,1,2,1,1,1,2,1,2,1,1,2,2,1,2,1,2,2,2,1,2,1,1,1
d:\hsom\src\data\shanx443.krn 2,2,2,2,2,1,2,2,2,2,2,2,2,2,1,2,2,1,2,1,2,2,2,2,2,1,1,2,2,1,1,1,2,2,2,2,2,1,2,2,2,2,2,2,2,2,1,2,2,1,2,1,2,1,2,2,2,1,1,1,1,1,1,1
d:\hsom\src\data\shanx444.krn 2,1,2,1,2,1,1,1,2,1,2,1,2,1,1,1,2,1,2,1,2,1,2,1,2,1,1,1,1,1,1,1,2,1,2,1,2,1,1,1,2,1,2,1,2,1,2,1,2,1,2,1,2,1,2,1,2,1,1,1,1,1,1,1
d:\hsom\src\data\shanx447.krn 2,1,2,1,2,1,1,1,2,1,2,1,1,1,2,1,2,1,1,1,2,1,2,1,2,1,1,1,1,1,1,1,2,1,2,1,2,1,2,1,2,1,2,2,2,1,2,1,2,1,1,1,2,1,1,1,2,1,2,1,2,1,1,1
d:\hsom\src\data\shanx448.krn 2,1,2,2,2,1,2,2,2,1,2,2,2,1,2,2,2,1,1,2,2,1,2,2,2,1,1,1,1,1,1,1,2,1,2,2,2,1,2,2,2,1,2,2,2,1,2,2,2,1,1,2,2,1,2,2,2,1,1,1,1,1,1,1
d:\hsom\src\data\shanx449.krn 2,1,2,1,1,1,2,2,2,1,2,1,2,1,1,1,2,1,2,1,2,1,2,2,2,1,1,1,1,1,1,1,2,1,2,1,1,1,2,2,2,1,2,1,2,1,1,1,2,1,2,1,2,1,2,1,2,1,2,1,1,1,1,1
d:\hsom\src\data\shanx450.krn 2,1,2,1,2,1,1,1,2,1,2,1,1,1,2,1,2,1,1,2,2,1,1,1,2,1,1,1,1,1,1,1,2,1,2,1,2,1,2,1,2,1,2,1,1,1,2,1,2,1,1,1,2,1,1,1,2,1,1,1,1,1,1,1
d:\hsom\src\data\shanx451.krn 2,1,1,1,2,1,2,1,2,1,2,1,1,1,2,1,2,1,1,1,2,1,2,1,2,1,1,1,1,1,1,1,2,1,1,1,2,1,2,1,2,1,2,1,1,1,2,1,2,1,2,1,2,1,1,1,2,1,2,2,2,1,2,1
d:\hsom\src\data\shanx452.krn 2,1,1,1,2,1,2,1,2,1,1,1,2,1,1,1,2,1,1,1,2,1,1,1,2,1,1,1,1,1,1,1,2,1,2,1,2,1,2,1,2,1,1,1,2,1,1,1,2,1,1,1,2,1,1,1,2,1,1,1,1,1,1,1
d:\hsom\src\data\shanx457.krn 2,1,2,1,2,1,1,1,2,1,2,1,2,1,2,1,2,1,1,1,2,1,2,1,2,1,2,2,2,1,2,1,2,1,2,1,2,1,1,1,2,1,2,1,2,1,2,1,2,1,2,2,2,1,2,1,2,1,1,1,1,1,1,1
d:\hsom\src\data\shanx460.krn 2,1,1,1,2,1,1,1,2,1,2,1,2,1,2,1,2,1,2,1,2,1,2,1,2,1,2,1,2,1,2,1,2,1,2,1,2,1,2,1,2,1,1,1,2,1,2,1,2,1,2,1,2,1,2,1,2,1,1,1,1,1,1,1
d:\hsom\src\data\shanx483.krn 2,1,2,1,2,1,2,2,2,1,2,1,1,1,2,1,2,1,2,1,2,1,2,2,2,1,1,2,2,2,2,1,2,1,2,1,1,1,2,1,2,1,2,1,1,1,2,1,2,1,2,1,2,1,2,2,2,1,1,1,1,1,1,1
d:\hsom\src\data\shanx486.krn 2,1,2,1,2,1,1,1,2,1,2,1,2,1,2,1,2,1,1,1,2,1,2,1,2,1,2,1,2,1,2,1,2,1,1,1,2,1,2,1,2,1,1,1,2,1,1,1,2,1,1,1,2,1,2,1,2,1,1,1,1,1,1,1
d:\hsom\src\data\shanx487.krn 2,1,2,2,2,1,2,2,2,1,1,1,1,1,1,1,2,1,2,2,2,1,2,2,2,1,1,1,1,1,1,1,2,2,2,2,2,1,2,2,2,1,1,1,1,1,1,1,2,1,2,2,2,1,2,2,2,1,1,1,1,1,1,1
d:\hsom\src\data\shanx495.krn 2,1,2,2,2,2,2,2,2,2,2,2,2,2,2,2,2,2,2,2,2,2,2,2,2,2,2,2,2,1,1,1,2,1,2,2,2,1,2,2,2,1,2,1,2,1,2,2,2,2,2,2,2,2,2,2,2,1,2,2,2,1,1,1
d:\hsom\src\data\shanx504.krn 2,1,2,1,1,1,2,1,2,1,2,1,1,1,1,1,2,1,2,1,1,1,2,1,2,1,1,2,2,1,1,1,2,1,2,1,1,1,2,1,2,1,1,2,2,1,1,1,2,1,2,1,2,1,2,2,2,1,1,1,1,1,1,1
d:\hsom\src\data\shanx509.krn 2,1,2,2,2,1,2,2,2,1,1,1,1,1,2,1,2,1,2,2,2,2,2,2,2,1,1,1,1,1,2,1,2,2,2,1,1,1,2,1,2,2,2,2,2,1,2,1,2,2,2,2,2,1,2,2,2,1,1,1,1,1,1,1
d:\hsom\src\data\shanx524.krn 2,1,2,1,2,1,2,1,2,1,2,1,2,1,1,1,2,1,2,1,2,1,2,1,2,1,2,1,2,1,1,1,2,1,2,1,2,1,2,1,2,1,2,1,2,1,1,1,2,1,2,1,2,1,2,1,2,1,1,1,1,1,1,1
d:\hsom\src\data\shanx532.krn 2,1,2,1,2,1,1,1,2,1,2,1,2,1,1,1,2,1,2,2,2,1,2,1,2,1,2,1,2,1,1,1,2,1,2,2,2,1,1,1,2,1,2,1,2,1,1,1,2,1,2,1,2,2,2,2,2,1,1,1,1,1,1,1
d:\hsom\src\data\shanx534.krn 2,1,1,2,2,1,2,1,2,1,2,1,2,1,1,1,2,1,1,2,2,1,2,1,2,2,2,2,2,1,1,1,2,1,1,2,2,1,2,1,2,1,2,2,2,1,1,1,2,2,2,2,2,1,2,1,2,1,2,1,2,1,1,1
d:\hsom\src\data\shanx537.krn 2,1,2,1,2,1,2,1,2,1,2,1,2,1,2,1,2,1,2,1,2,1,2,2,2,1,1,1,1,1,1,1,2,1,2,1,2,1,2,2,2,1,2,2,2,1,1,1,2,1,2,1,2,1,2,2,2,1,1,1,1,1,1,1
d:\hsom\src\data\shanx539.krn 2,1,2,1,2,1,1,1,2,1,2,1,2,1,1,1,2,1,1,2,2,1,2,1,2,1,1,1,1,1,1,1,2,1,2,1,2,1,1,1,2,1,2,1,2,1,1,1,2,1,2,1,2,1,2,1,2,1,1,1,1,1,1,1
d:\hsom\src\data\shanx542.krn 2,1,1,2,2,1,2,2,2,1,1,1,1,1,1,1,2,1,1,2,2,1,2,1,2,1,1,1,1,1,1,1,2,1,2,1,2,1,2,2,2,1,2,2,2,1,1,1,2,1,2,1,2,1,2,2,2,1,1,1,1,1,1,1
d:\hsom\src\data\shanx548.krn 2,1,2,1,1,1,2,1,2,1,2,1,1,1,2,1,2,1,2,1,1,1,2,1,2,1,1,1,1,1,1,1,2,1,2,1,1,1,2,1,2,1,2,1,1,1,2,1,2,1,2,1,1,1,2,1,2,1,1,1,1,1,1,1
d:\hsom\src\data\shanx552.krn 2,1,1,1,2,1,2,1,2,1,2,1,2,1,1,1,2,1,1,1,2,1,1,1,2,1,2,1,2,1,1,1,2,1,2,1,2,1,2,1,2,1,1,1,2,1,2,1,2,1,1,1,2,1,2,1,2,1,1,1,1,1,1,1
d:\hsom\src\data\shanx558.krn 2,1,2,2,2,1,2,2,2,1,2,2,2,1,1,1,2,1,2,1,2,1,2,2,2,1,2,2,2,1,1,1,2,1,2,2,2,2,1,1,2,2,2,2,2,1,1,1,2,1,2,2,2,1,2,2,2,1,2,2,2,1,1,1
d:\hsom\src\data\shanx559.krn 2,1,2,1,2,1,2,2,2,1,2,1,2,1,1,1,2,1,2,1,2,1,2,2,2,1,1,1,1,1,1,1,2,1,2,1,2,1,1,1,2,1,2,1,2,1,1,1,2,1,2,2,2,1,2,1,2,1,1,1,1,1,1,1
d:\hsom\src\data\shanx560.krn 2,1,1,1,2,1,2,1,2,1,1,1,2,1,1,1,2,1,1,1,2,1,2,1,2,1,2,1,2,1,1,1,2,1,2,1,2,1,2,1,2,1,1,1,2,1,2,1,2,1,2,1,2,1,2,1,2,1,1,1,1,1,1,1
d:\hsom\src\data\shanx563.krn 2,1,2,1,2,2,2,2,2,2,2,1,2,1,2,1,2,1,2,1,2,1,2,2,2,1,2,2,2,1,1,1,2,1,2,1,2,2,2,2,2,1,2,2,2,1,1,2,2,1,2,1,2,1,1,2,2,1,1,1,1,1,1,1
d:\hsom\src\data\shanx565.krn 2,1,1,1,2,1,2,1,2,1,1,1,2,1,2,1,2,1,2,1,2,1,2,1,2,1,1,1,1,1,1,1,2,1,1,1,2,1,2,1,2,1,1,1,2,1,2,1,2,1,2,1,2,1,1,1,2,1,1,1,1,1,1,1
d:\hsom\src\data\shanx569.krn 2,1,1,2,2,1,1,2,2,1,2,1,2,1,1,1,2,1,2,2,2,1,2,2,2,1,2,2,2,1,1,1,2,1,2,1,2,1,2,1,2,1,2,2,2,2,2,2,2,2,2,2,2,1,2,2,2,1,1,1,1,1,1,1
d:\hsom\src\data\shanx571.krn 2,1,1,1,2,1,2,1,2,1,1,1,2,1,2,1,2,1,1,1,2,1,2,1,2,1,1,1,1,1,1,1,2,1,1,1,2,1,2,1,2,1,1,1,2,1,2,1,2,1,1,1,2,1,2,1,2,1,1,1,1,1,1,1
d:\hsom\src\data\shanx581.krn 2,1,2,1,2,1,1,1,2,1,2,1,2,1,1,1,2,1,2,1,2,1,1,1,2,1,2,1,2,1,1,1,2,1,2,1,2,1,2,1,2,1,2,2,2,1,1,1,2,1,2,2,2,1,2,2,2,1,1,1,1,1,1,1
d:\hsom\src\data\shanx582.krn 2,1,2,1,2,1,2,1,2,1,2,1,2,1,2,1,2,1,2,1,2,1,2,1,2,1,2,1,2,1,0,0,2,1,2,1,2,1,1,1,2,1,2,1,2,1,1,1,2,1,2,2,2,1,2,1,2,1,1,1,1,1,1,1
d:\hsom\src\data\shanx600.krn 2,1,2,1,2,1,1,1,2,1,2,1,2,1,2,1,2,1,2,1,2,1,2,1,2,1,2,1,2,1,2,1,2,1,1,1,2,1,2,1,2,1,2,2,2,1,1,1,2,1,2,1,2,1,2,1,2,1,1,1,1,1,1,1
d:\hsom\src\data\shanx603.krn 2,1,2,1,2,1,2,1,2,1,1,1,2,1,2,1,2,1,2,1,2,1,2,1,2,1,1,1,2,1,1,1,2,1,2,1,2,1,2,1,2,1,2,1,2,1,2,1,2,1,2,1,2,1,2,1,2,1,1,1,0,0,0,0
d:\hsom\src\data\shanx617.krn 2,1,1,2,2,1,2,1,2,1,1,1,2,1,1,1,2,1,2,1,2,1,2,1,2,1,1,1,1,1,0,0,2,1,1,2,2,1,2,1,2,1,2,1,2,1,2,1,2,2,2,1,2,2,2,1,2,1,1,1,1,1,1,1
d:\hsom\src\data\shanx619.krn 2,1,2,1,2,1,2,1,2,1,1,1,2,1,2,1,2,1,2,1,2,1,2,1,2,1,1,1,2,1,1,1,2,1,1,1,2,2,2,2,2,1,1,1,2,1,2,1,2,1,2,1,2,1,2,1,2,1,1,1,1,1,1,1
d:\hsom\src\data\shanx631.krn 2,1,2,1,2,1,2,2,2,1,2,1,2,1,1,1,2,1,1,2,2,1,2,1,2,1,1,2,2,2,2,1,2,1,2,1,2,1,2,1,2,2,2,1,1,1,2,1,2,1,1,2,2,2,2,2,2,1,1,1,1,1,1,1
d:\hsom\src\data\shanx632.krn 2,1,2,2,2,1,2,1,2,1,2,1,1,1,1,1,2,1,2,2,2,1,2,1,2,1,2,1,2,1,2,2,2,1,1,2,2,1,2,1,2,1,2,1,1,1,2,1,2,1,2,1,2,1,2,1,2,1,1,1,1,1,1,1
d:\hsom\src\data\shanx635.krn 2,1,1,1,2,1,1,1,2,1,1,1,2,1,1,1,2,1,2,1,2,1,2,1,2,1,1,1,1,1,1,1,2,1,1,1,2,1,1,1,2,1,1,1,2,1,1,1,2,1,2,1,2,1,2,1,2,1,1,1,1,1,1,1
d:\hsom\src\data\shanx636.krn 2,1,1,2,2,1,1,1,2,1,1,2,2,1,1,1,2,1,2,2,2,2,2,1,2,1,1,2,2,1,1,1,2,2,2,2,2,2,2,2,2,1,2,2,2,1,2,1,2,2,1,2,2,2,1,2,2,1,1,1,1,1,1,1
d:\hsom\src\data\shanx650.krn 2,1,2,1,2,1,2,1,2,1,2,1,2,1,1,1,2,1,2,1,2,1,2,1,2,1,2,1,2,1,1,1,2,1,2,1,1,1,2,1,2,1,2,1,2,1,1,1,2,1,2,1,2,1,2,1,2,1,1,1,1,1,1,1
d:\hsom\src\data\shanx672.krn 2,1,2,2,2,1,1,1,2,1,2,1,2,1,2,1,2,1,2,1,2,1,2,1,2,1,2,1,2,1,1,1,2,1,2,1,2,1,1,1,2,1,2,2,2,1,1,1,2,1,2,2,2,2,2,1,2,1,1,1,1,1,1,1
d:\hsom\src\data\shanx676.krn 2,1,2,1,2,1,1,1,2,1,1,2,2,2,2,1,2,1,1,2,2,2,2,2,2,1,1,1,0,0,0,0,2,1,2,2,2,1,1,1,2,1,1,2,2,1,1,1,2,1,2,1,2,2,2,1,2,1,1,1,1,1,1,1
d:\hsom\src\data\shanx683.krn 2,1,2,1,2,1,2,2,2,1,2,2,2,1,1,1,2,1,2,2,2,2,2,2,2,2,2,2,2,1,1,1,2,1,1,2,2,2,2,2,2,1,2,2,2,1,2,1,2,1,2,2,2,2,2,2,2,1,1,1,1,1,1,1
d:\hsom\src\data\shanx686.krn 2,1,2,1,2,1,1,1,2,1,2,1,1,1,2,1,2,1,1,1,2,1,2,1,2,1,1,2,2,1,1,1,2,1,2,2,2,1,2,1,2,1,0,0,2,1,1,1,2,1,2,2,2,1,2,1,2,1,1,1,1,1,1,1
d:\hsom\src\data\shanx689.krn 2,1,2,1,2,1,2,1,2,1,1,2,2,1,1,1,2,1,2,1,2,1,2,1,2,1,1,2,2,1,1,1,2,1,2,1,2,1,2,1,2,1,2,1,1,1,2,1,2,1,1,2,2,1,2,1,2,1,1,1,1,1,1,1
d:\hsom\src\data\shanx709.krn 2,2,1,2,2,1,2,1,2,1,1,1,1,1,1,1,2,1,1,1,2,1,2,1,2,1,1,1,0,0,0,0,2,1,2,1,1,1,2,1,2,1,1,1,2,1,2,1,2,1,1,1,2,1,2,1,2,1,1,1,1,1,1,1
d:\hsom\src\data\shanx711.krn 2,1,2,1,2,1,2,2,2,1,1,2,2,1,1,1,2,1,2,1,2,1,2,2,2,1,1,2,2,2,2,1,2,1,2,1,2,1,2,1,2,1,2,1,1,1,2,1,2,1,2,1,2,2,2,2,2,1,1,1,1,1,1,1
d:\hsom\src\data\shanx713.krn 2,1,2,1,1,1,2,1,2,1,2,1,2,1,2,1,2,1,2,1,2,1,2,1,2,1,1,1,1,1,1,1,2,1,2,1,2,1,2,1,2,1,2,1,2,1,1,1,2,1,2,1,2,1,2,1,2,1,1,1,1,1,1,1
d:\hsom\src\data\shanx714.krn 2,1,2,2,2,1,2,1,2,1,2,1,2,1,1,1,2,1,2,2,2,1,2,1,2,1,2,1,2,1,2,1,2,1,2,1,2,1,2,1,2,1,1,2,2,2,1,1,2,1,2,2,2,1,2,1,2,1,1,1,1,1,1,1
d:\hsom\src\data\shanx724.krn 2,1,2,2,2,1,2,2,2,1,2,2,2,1,1,1,2,1,2,2,2,1,2,2,2,1,2,2,2,1,1,1,2,1,2,1,2,1,2,2,2,1,2,1,2,1,2,1,2,1,2,2,2,2,2,2,2,1,2,2,2,1,1,1
d:\hsom\src\data\shanx727.krn 2,1,2,1,2,1,2,1,2,1,1,1,2,1,2,1,2,1,2,2,2,1,2,1,2,1,2,1,2,1,1,1,2,1,2,1,2,1,2,1,2,1,2,1,2,1,2,1,2,1,2,1,2,1,2,2,2,1,1,1,1,1,1,1
d:\hsom\src\data\shanx728.krn 2,1,2,1,2,1,2,2,2,1,2,1,2,1,1,1,2,1,2,2,2,1,2,2,2,1,1,1,1,1,1,1,2,1,1,2,2,1,2,1,2,1,1,2,2,1,1,1,2,2,2,2,2,2,2,2,2,1,1,1,1,1,1,1
d:\hsom\src\data\shanx735.krn 2,1,2,1,2,1,2,1,2,1,2,1,2,1,1,1,2,1,2,1,2,1,2,1,2,1,1,1,1,1,1,1,2,1,2,1,2,1,2,1,2,1,2,1,1,1,2,1,2,1,2,1,2,1,2,1,2,1,1,1,1,1,1,1
d:\hsom\src\data\shanx737.krn 2,1,2,1,2,1,2,1,2,1,1,1,1,1,2,1,2,1,2,1,2,1,2,1,2,1,1,1,1,1,1,1,2,1,2,1,2,1,2,2,2,1,1,2,2,1,1,1,2,1,2,1,2,1,2,1,2,1,1,1,1,1,1,1
d:\hsom\src\data\shanx739.krn 2,1,1,1,2,1,2,1,2,1,1,1,2,1,1,1,2,1,1,1,2,1,2,1,2,1,2,1,2,1,1,1,2,1,2,1,2,1,2,1,2,1,1,1,2,1,2,1,2,1,2,1,2,1,2,1,2,1,1,1,1,1,1,1
d:\hsom\src\data\shanx744.krn 2,2,2,1,1,1,1,1,2,2,2,1,2,1,1,1,2,1,2,2,2,1,2,1,2,1,1,1,0,0,0,0,2,1,2,1,2,1,2,2,2,2,1,1,2,1,1,1,2,1,2,1,2,1,2,1,2,1,1,1,0,0,0,0
d:\hsom\src\data\shanx758.krn 2,1,2,1,2,1,2,2,2,1,2,2,2,1,1,1,2,1,2,1,2,1,2,1,2,1,2,1,1,1,1,1,2,1,1,2,2,2,2,2,2,2,2,2,2,2,2,1,2,2,2,2,2,2,2,1,2,1,1,2,2,1,1,1
d:\hsom\src\data\shanx764.krn 2,1,2,2,2,1,2,1,2,1,2,2,2,1,2,1,2,1,2,2,2,1,2,1,2,2,2,2,2,1,1,1,2,1,2,2,2,1,2,2,2,2,2,2,2,1,1,2,2,1,2,2,2,2,2,2,2,1,1,2,2,1,1,1
d:\hsom\src\data\shanx774.krn 2,1,1,2,2,1,2,2,2,2,2,1,1,1,2,2,2,2,2,2,2,2,2,2,2,1,1,1,1,1,1,1,2,1,2,1,2,1,2,2,2,1,2,2,2,1,2,1,2,1,2,2,2,2,2,2,2,1,1,1,1,1,1,1
d:\hsom\src\data\shanx781.krn 2,1,2,2,2,1,2,1,2,1,2,1,2,1,2,1,2,1,2,1,2,2,2,1,2,1,1,2,2,1,1,1,2,1,2,2,2,1,2,1,2,2,2,2,2,1,1,2,2,2,2,2,2,2,2,1,2,1,1,1,1,1,1,1
d:\hsom\src\data\shanx784.krn 2,1,2,2,2,1,2,2,2,2,2,1,1,1,2,1,2,1,2,2,2,2,2,2,2,1,1,1,1,1,2,2,2,2,2,1,1,1,2,1,2,2,2,2,2,1,2,2,2,2,2,2,2,1,2,2,2,1,1,1,1,1,1,1
d:\hsom\src\data\shanx793.krn 2,1,1,1,2,1,2,1,2,1,1,2,2,1,1,1,2,1,1,1,2,1,1,2,2,1,2,1,2,1,1,1,2,1,2,2,2,1,2,1,2,1,1,1,1,1,0,0,2,1,2,1,2,1,2,1,2,1,1,1,1,1,1,1
d:\hsom\src\data\shanx795.krn 2,1,2,1,2,1,2,1,2,1,2,1,2,1,2,1,2,1,2,1,2,1,2,1,2,1,2,1,2,1,1,1,2,1,2,1,2,1,2,1,2,1,2,1,2,1,2,1,2,1,2,1,2,1,2,1,2,1,1,1,1,1,1,1
d:\hsom\src\data\shanx799.krn 2,1,1,1,2,1,2,2,2,1,1,1,1,1,2,1,2,1,2,1,2,1,2,2,2,1,2,1,2,1,2,1,2,1,1,2,2,1,2,1,2,1,2,1,2,1,1,1,2,1,2,1,2,1,2,1,2,1,1,1,1,1,1,1
