../2-4/shanx002.krn-0 14,14,14,14,14,14,19,19,9,9,9,12,12,12,12,12
../2-4/shanx002.krn-1 9,9,12,12,9,9,7,7,2,2,2,2,2,2,2,2
../2-4/shanx002.krn-2 14,14,14,14,14,14,19,19,9,9,9,12,12,12,12,12
../2-4/shanx002.krn-3 9,9,12,12,12,12,12,12,7,7,7,7,7,7,7,7
../2-4/shanx003.krn-0 14,14,14,14,16,16,16,16,16,16,16,16,16,16,21,21
../2-4/shanx003.krn-1 14,14,14,14,14,14,14,14,12,12,12,12,12,12,9,9
../2-4/shanx003.krn-2 9,9,9,9,4,4,4,4,0,0,2,2,2,2,2,7
../2-4/shanx003.krn-3 4,4,4,4,4,4,4,4,4,4,4,4,4,4,4,4
../2-4/shanx003.krn-4 14,14,14,14,16,16,16,16,16,16,16,16,16,16,21,21
../2-4/shanx003.krn-5 14,14,14,14,14,14,14,14,12,12,12,12,12,12,9,9
../2-4/shanx003.krn-6 9,9,9,9,4,4,4,4,0,0,2,2,2,2,2,7
../2-4/shanx003.krn-7 9,9,9,9,9,9,9,9,9,9,9,9,9,9,9,9
../2-4/shanx004.krn-0 7,7,7,7,7,7,7,7,7,7,7,7,2,2,2,-3
../2-4/shanx004.krn-1 2,2,2,7,2,0,-3,-5,2,2,2,2,2,2,2,2
../2-4/shanx004.krn-2 7,7,7,7,7,7,7,7,7,7,7,7,2,2,2,-3
../2-4/shanx004.krn-3 2,2,2,7,2,0,-3,-8,-5,-5,-5,-5,-5,-5,-5,-5
../2-4/shanx006.krn-0 16,16,16,16,16,16,12,12,12,12,12,12,11,11,9,9
../2-4/shanx006.krn-1 7,7,9,9,16,16,7,7,4,4,4,4,4,4,4,4
../2-4/shanx006.krn-2 14,14,14,14,14,14,12,12,12,12,12,12,11,11,9,9
../2-4/shanx006.krn-3 7,7,9,9,16,16,7,7,9,9,9,9,9,9,9,9
../2-4/shanx008.krn-0 14,14,14,14,14,14,19,19,14,14,12,12,9,9,7,7
../2-4/shanx008.krn-1 7,7,7,2,7,7,14,14,2,2,2,2,2,2,2,2
../2-4/shanx008.krn-2 14,14,14,14,14,14,19,19,14,14,12,12,9,9,7,7
../2-4/shanx008.krn-3 7,7,7,2,7,7,9,9,7,7,7,7,7,7,7,7
../2-4/shanx009.krn-0 14,14,19,19,14,14,14,14,14,14,12,12,9,9,2,2
../2-4/shanx009.krn-1 2,2,14,14,14,14,16,12,9,9,9,9,9,9,9,9
../2-4/shanx009.krn-2 14,14,19,19,14,14,14,14,9,9,7,7,7,7,2,2
../2-4/shanx009.krn-3 2,2,12,12,9,9,7,7,2,2,2,2,2,2,2,2
../2-4/shanx010.krn-0 14,14,14,14,14,14,14,14,9,9,9,12,7,7,7,7
../2-4/shanx010.krn-1 14,14,19,19,7,7,7,4,2,2,2,2,2,2,2,2
../2-4/shanx010.krn-2 14,14,14,14,14,14,14,14,9,9,12,12,14,14,14,14
../2-4/shanx010.krn-3 14,14,19,19,12,12,14,14,9,9,7,7,7,7,7,7
../2-4/shanx011.krn-0 2,2,2,2,2,2,2,2,2,2,2,16,14,14,14,14
../2-4/shanx011.krn-1 12,12,14,14,12,12,14,14,2,2,2,2,2,2,2,2
../2-4/shanx011.krn-2 2,2,2,2,0,0,-3,-3,-3,-3,-5,-5,-5,-5,7,7
../2-4/shanx011.krn-3 -3,-3,-3,-3,0,0,0,0,-5,-5,-5,-5,-5,-5,-5,-5
../2-4/shanx013.krn-0 -5,-5,-5,-5,-5,-5,-5,-5,-5,-5,12,12,7,7,7,7
../2-4/shanx013.krn-1 7,7,7,12,4,4,0,0,2,2,2,2,2,2,2,2
../2-4/shanx013.krn-2 7,7,7,12,7,7,7,7,7,7,12,12,7,7,5,5
../2-4/shanx013.krn-3 2,2,0,0,-10,-10,-7,-7,-5,-5,-5,-5,-5,-5,-5,-5
../2-4/shanx014.krn-0 16,16,14,14,14,14,16,14,12,9,7,4,2,2,2,2
../2-4/shanx014.krn-1 14,14,14,14,9,9,19,12,14,14,14,14,14,14,14,14
../2-4/shanx014.krn-2 16,16,14,14,14,14,16,14,12,9,7,4,2,2,2,2
../2-4/shanx014.krn-3 14,14,14,14,9,9,19,12,7,7,7,7,7,7,7,7
../2-4/shanx015.krn-0 14,14,16,16,16,16,16,21,14,14,14,14,12,12,12,9
../2-4/shanx015.krn-1 9,9,7,4,4,4,7,12,4,4,4,4,4,4,4,4
../2-4/shanx015.krn-2 14,14,16,16,16,16,16,21,14,14,14,14,12,12,12,9
../2-4/shanx015.krn-3 9,9,7,4,4,4,7,12,9,9,9,9,9,9,9,9
../2-4/shanx017.krn-0 12,16,14,14,14,12,9,7,12,12,14,12,2,2,2,2
../2-4/shanx017.krn-1 12,16,14,14,14,12,9,7,12,12,14,12,7,7,7,7
../2-4/shanx019.krn-0 7,7,7,4,9,9,12,12,7,7,9,9,4,4,2,2
../2-4/shanx019.krn-1 4,4,4,4,-3,-3,0,0,2,2,2,2,2,2,2,2
../2-4/shanx019.krn-2 7,7,7,4,9,9,12,12,7,7,9,9,4,4,2,2
../2-4/shanx019.krn-3 4,4,4,4,-3,-3,0,0,-5,-5,-5,-5,-5,-5,-5,-5
../2-4/shanx020.krn-0 2,2,2,7,-5,-5,-7,-5,-3,-3,7,7,9,9,7,4
../2-4/shanx020.krn-1 2,2,2,-3,-5,-5,-5,4,2,2,2,2,2,2,2,2
../2-4/shanx020.krn-2 2,2,2,7,-5,-5,-7,-5,-3,-3,7,7,9,9,7,4
../2-4/shanx020.krn-3 2,2,2,-3,-5,-5,-7,-3,-5,-5,-5,-5,-5,-5,-5,-5
../2-4/shanx022.krn-0 9,7,9,12,2,2,2,2,9,7,9,12,14,14,14,14
../2-4/shanx022.krn-1 12,9,9,7,7,7,7,9,14,14,14,14,14,14,14,14
../2-4/shanx022.krn-2 9,7,9,12,2,2,2,2,9,7,9,12,14,14,14,14
../2-4/shanx022.krn-3 12,9,9,7,7,7,7,9,7,7,7,7,7,7,7,7
../2-4/shanx023.krn-0 12,12,12,14,16,16,16,16,16,16,14,14,12,12,9,9
../2-4/shanx023.krn-1 12,12,7,7,7,7,9,9,2,2,2,2,2,2,2,2
../2-4/shanx023.krn-2 12,12,12,14,16,16,16,16,16,16,14,14,12,12,9,9
../2-4/shanx023.krn-3 12,12,12,7,7,7,12,12,9,9,7,7,7,7,7,7
../2-4/shanx025.krn-0 7,7,9,9,9,9,14,4,7,7,7,7,7,7,4,4
../2-4/shanx025.krn-1 0,0,-3,-3,2,2,4,4,-3,-3,-3,-3,-3,-3,-3,-3
../2-4/shanx025.krn-2 7,7,9,9,9,9,14,4,7,7,7,7,7,7,4,4
../2-4/shanx025.krn-3 0,0,-3,-3,7,7,4,0,2,2,2,2,2,2,2,2
../2-4/shanx026.krn-0 7,7,7,7,9,9,14,14,9,9,7,7,4,4,2,2
../2-4/shanx026.krn-1 7,7,7,7,9,9,12,12,2,2,2,2,2,2,2,2
../2-4/shanx026.krn-2 7,7,7,7,9,9,14,14,9,9,7,7,4,4,2,2
../2-4/shanx026.krn-3 0,0,0,4,2,2,-3,-3,-5,-5,-5,-5,-5,-5,-5,-5
../2-4/shanx027.krn-0 7,2,2,2,14,14,14,19,14,9,12,9,7,7,7,7
../2-4/shanx027.krn-1 7,2,2,7,9,9,9,16,9,4,7,4,2,2,2,2
../2-4/shanx028.krn-0 9,9,7,7,7,7,4,12,4,2,0,-3,-5,-5,-5,-5
../2-4/shanx028.krn-1 0,0,0,4,2,2,0,-3,7,7,7,7,7,7,7,7
../2-4/shanx028.krn-2 9,9,7,7,7,7,9,12,4,2,0,-3,-5,-5,-5,-5
../2-4/shanx028.krn-3 0,0,0,4,2,2,0,-3,-5,-5,-5,-5,-5,-5,-5,-5
../2-4/shanx029.krn-0 9,9,9,9,9,9,4,4,4,4,4,12,9,9,9,9
../2-4/shanx029.krn-1 9,9,9,14,19,19,4,2,4,4,4,4,4,4,4,4
../2-4/shanx029.krn-2 9,9,9,12,9,9,9,9,9,9,9,14,7,7,4,2
../2-4/shanx029.krn-3 4,4,-1,-1,-3,-3,-8,-8,-3,-3,-3,-3,-3,-3,-3,-3
../2-4/shanx030.krn-0 14,14,14,14,16,16,16,16,16,16,16,16,16,16,21,21
../2-4/shanx030.krn-1 14,14,14,14,14,14,14,14,12,12,12,12,12,12,9,9
../2-4/shanx030.krn-2 9,9,9,9,4,4,4,4,0,0,2,2,2,2,7,7
../2-4/shanx030.krn-3 4,4,4,4,4,4,4,4,4,4,4,4,4,4,4,4
../2-4/shanx030.krn-4 14,14,14,14,16,16,16,16,16,16,16,16,16,16,21,21
../2-4/shanx030.krn-5 14,14,14,14,14,14,14,14,12,12,12,12,12,12,9,9
../2-4/shanx030.krn-6 9,9,9,9,4,4,4,4,0,0,2,2,2,2,7,7
../2-4/shanx030.krn-7 9,9,9,9,9,9,9,9,9,9,9,9,9,9,9,9
../2-4/shanx031.krn-0 16,16,16,16,16,16,16,14,12,9,19,19,19,19,16,16
../2-4/shanx031.krn-1 14,14,12,9,12,12,16,19,12,12,12,12,12,12,12,12
../2-4/shanx031.krn-2 12,12,16,16,16,16,16,14,12,9,19,19,19,19,16,16
../2-4/shanx031.krn-3 14,14,12,9,12,12,16,19,12,12,12,9,7,7,7,7
../2-4/shanx032.krn-0 9,9,7,7,7,7,9,12,4,4,4,2,0,0,-3,-3
../2-4/shanx032.krn-1 4,4,4,7,2,2,0,-3,2,2,2,2,2,2,2,2
../2-4/shanx032.krn-2 9,9,7,7,7,7,9,12,4,4,4,2,0,0,-3,-3
../2-4/shanx032.krn-3 4,4,4,7,2,2,0,-3,-5,-5,-5,-5,-5,-5,-5,-5
../2-4/shanx034.krn-0 7,7,7,7,16,16,16,19,12,12,12,12,9,9,7,7
../2-4/shanx034.krn-1 12,12,4,4,2,2,0,-3,2,2,2,2,2,2,2,2
../2-4/shanx034.krn-2 7,7,7,7,16,16,16,19,12,12,12,12,9,9,7,7
../2-4/shanx034.krn-3 12,12,4,4,2,2,0,-3,-5,-5,-5,-5,-5,-5,-5,-5
../2-4/shanx035.krn-0 9,9,9,9,7,7,4,4,12,12,12,14,16,19,16,16
../2-4/shanx035.krn-1 14,14,14,12,9,9,16,7,4,4,4,4,4,4,4,4
../2-4/shanx035.krn-2 12,12,12,14,16,16,19,19,9,9,19,19,9,7,4,4
../2-4/shanx035.krn-3 0,0,0,2,4,7,4,4,-3,-3,-3,-3,-3,-3,-3,-3
../2-4/shanx036.krn-0 14,14,9,9,9,9,7,9,14,14,7,7,7,7,4,4
../2-4/shanx036.krn-1 4,4,2,2,0,0,-3,-3,9,9,9,9,9,9,9,9
../2-4/shanx036.krn-2 14,14,9,9,9,9,7,9,14,14,7,7,7,7,4,4
../2-4/shanx036.krn-3 4,4,2,2,0,0,-3,-3,2,2,2,2,2,2,2,2
../2-4/shanx040.krn-0 7,9,2,2,7,9,14,19,12,9,7,12,9,9,9,9
../2-4/shanx040.krn-1 7,9,2,2,7,9,14,19,12,9,7,9,7,7,7,7
../2-4/shanx041.krn-0 19,19,16,16,7,7,9,12,7,9,7,4,2,2,2,2
../2-4/shanx041.krn-1 19,19,16,12,7,9,19,16,14,14,14,14,14,14,14,14
../2-4/shanx041.krn-2 19,19,16,16,7,7,9,12,7,9,7,4,2,2,2,2
../2-4/shanx041.krn-3 19,19,16,12,7,9,19,16,7,7,7,7,7,7,7,7
../2-4/shanx042.krn-0 14,14,14,14,14,14,14,14,19,19,14,14,12,12,9,9
../2-4/shanx042.krn-1 6,6,7,7,9,9,5,5,2,2,2,2,2,2,2,2
../2-4/shanx042.krn-2 14,14,14,14,14,14,14,14,19,19,14,14,12,12,9,9
../2-4/shanx042.krn-3 6,6,7,7,9,9,9,9,7,7,7,7,7,7,7,7
../2-4/shanx043.krn-0 4,4,4,4,9,9,9,9,-3,-3,-5,-5,-8,-8,-8,-8
../2-4/shanx043.krn-1 2,2,2,2,4,4,7,7,4,4,4,4,4,4,4,4
../2-4/shanx043.krn-2 4,4,4,4,9,9,9,9,-3,-3,-5,-5,-8,-8,-8,-8
../2-4/shanx043.krn-3 2,2,2,2,4,7,0,0,-3,-3,-3,-3,-3,-3,-3,-3
../2-4/shanx045.krn-0 7,7,6,7,9,9,9,9,9,9,14,14,12,12,9,9
../2-4/shanx045.krn-1 7,7,6,6,7,7,12,12,9,9,9,9,9,9,9,9
../2-4/shanx045.krn-2 7,7,6,7,9,9,9,9,9,9,14,14,12,12,9,9
../2-4/shanx045.krn-3 7,7,6,6,7,7,9,9,7,7,7,7,7,7,7,7
../2-4/shanx046.krn-0 9,9,9,9,16,16,0,0,7,7,4,4,4,4,7,7
../2-4/shanx046.krn-1 9,9,16,16,7,7,7,7,9,9,9,9,9,9,9,9
../2-4/shanx046.krn-2 9,9,9,9,16,16,0,0,7,7,4,4,4,4,7,7
../2-4/shanx046.krn-3 9,9,16,16,7,7,7,4,2,2,2,2,2,2,2,2
../2-4/shanx048.krn-0 14,14,16,16,16,16,14,14,12,12,9,9,9,9,9,9
../2-4/shanx048.krn-1 9,9,9,12,14,14,12,12,2,2,2,2,2,2,2,2
../2-4/shanx048.krn-2 14,14,16,16,16,16,14,14,12,12,9,9,9,9,9,9
../2-4/shanx048.krn-3 9,9,9,12,14,14,12,12,7,7,7,7,7,7,7,7
../2-4/shanx049.krn-0 14,14,16,16,16,16,16,14,9,9,19,19,19,19,16,16
../2-4/shanx049.krn-1 14,14,9,9,12,12,12,7,12,12,12,12,12,12,12,12
../2-4/shanx049.krn-2 14,14,16,16,16,16,16,14,9,9,19,19,19,19,16,16
../2-4/shanx049.krn-3 14,14,9,9,12,12,12,12,9,9,4,4,7,7,7,7
../2-4/shanx050.krn-0 14,14,2,2,7,7,9,9,7,9,2,2,2,2,0,0
../2-4/shanx050.krn-1 14,14,2,2,7,7,9,9,14,14,14,14,14,14,14,14
../2-4/shanx050.krn-2 14,14,7,7,9,9,12,12,7,9,2,2,2,2,0,0
../2-4/shanx050.krn-3 14,14,7,7,7,7,9,9,7,7,7,7,7,7,7,7
../2-4/shanx057.krn-0 4,4,4,7,4,4,4,4,4,4,4,-3,-5,-5,-5,-5
../2-4/shanx057.krn-1 -3,-3,0,0,0,0,0,0,4,4,0,0,-1,-1,-3,-3
../2-4/shanx057.krn-2 -5,-5,-5,-5,-5,-5,-5,-5,-5,-5,-3,-3,-5,-5,-3,-3
../2-4/shanx057.krn-3 7,7,4,4,4,4,7,7,0,0,0,0,-8,-8,-5,-5
../2-4/shanx057.krn-4 2,2,0,0,-1,-1,-3,-3,-5,-5,-5,-5,-5,-5,-5,-5
../2-4/shanx062.krn-0 7,7,7,7,2,2,2,2,7,7,7,7,9,9,7,7
../2-4/shanx062.krn-1 7,7,2,2,2,2,7,7,2,2,2,2,2,2,0,0
../2-4/shanx062.krn-2 0,0,0,0,0,0,2,2,7,7,9,9,7,7,2,2
../2-4/shanx062.krn-3 0,0,0,4,2,2,-3,-3,-5,-5,-5,-5,-5,-5,-5,-5
../2-4/shanx062.krn-4 7,7,-3,-3,0,0,0,0,0,0,2,2,2,2,7,7
../2-4/shanx062.krn-5 7,7,2,2,2,2,0,0,2,2,-3,-3,-3,-3,-5,-5
../2-4/shanx062.krn-6 0,0,0,0,0,0,2,2,7,7,9,9,7,7,2,2
../2-4/shanx062.krn-7 0,0,0,4,2,2,-3,-3,-5,-5,-5,-5,-5,-5,-5,-5
../2-4/shanx062.krn-8 4,4,4,2,0,0,4,4,2,2,-3,-3,-3,-3,-5,-5
../2-4/shanx062.krn-9 0,0,0,0,0,0,2,2,7,7,7,9,7,7,2,2
../2-4/shanx062.krn-10 0,0,0,4,2,2,-3,-3,-5,-5,-5,-5,-5,-5,-5,-5
../2-4/shanx065.krn-0 9,9,12,12,2,2,4,4,9,9,12,12,2,2,4,4
../2-4/shanx065.krn-1 7,7,2,4,7,7,7,7,-1,-1,-1,-3,-5,-5,-5,-5
../2-4/shanx065.krn-2 7,7,7,7,9,9,12,12,7,7,-1,-1,2,2,7,7
../2-4/shanx065.krn-3 4,4,-1,-1,0,2,-1,-3,-5,-5,-5,-5,-5,-5,-5,-5
../2-4/shanx065.krn-4 0,0,0,0,0,0,-3,-3,7,7,7,7,7,7,4,4
../2-4/shanx065.krn-5 9,9,12,12,7,9,7,4,2,2,0,0,2,2,2,2
../2-4/shanx065.krn-6 7,7,2,4,7,7,7,7,7,7,7,12,9,9,7,7
../2-4/shanx065.krn-7 4,4,4,9,0,0,0,2,4,4,7,4,2,2,4,4
../2-4/shanx065.krn-8 0,0,0,2,4,4,-1,-3,-5,-5,-5,-5,-5,-5,-5,-5
../2-4/shanx067.krn-0 16,19,16,14,16,16,16,16,7,7,7,9,12,12,12,12
../2-4/shanx067.krn-1 12,14,16,19,7,9,12,12,16,14,11,9,7,7,7,7
../2-4/shanx067.krn-2 16,19,16,14,16,19,16,14,7,7,7,9,12,12,12,12
../2-4/shanx067.krn-3 12,14,16,19,7,9,12,12,16,19,11,9,7,7,7,7
../2-4/shanx069.krn-0 7,7,7,9,7,7,2,2,7,7,9,9,7,7,7,7
../2-4/shanx069.krn-1 4,4,7,7,7,7,9,9,7,7,4,4,2,2,2,2
../2-4/shanx069.krn-2 -3,-3,0,0,0,0,2,2,7,7,9,9,7,7,7,7
../2-4/shanx069.krn-3 7,7,7,7,-3,-3,0,0,2,2,4,4,-1,-1,-3,-3
../2-4/shanx069.krn-4 -5,-5,-5,-5,-5,-5,-5,-5,4,4,2,2,4,4,7,7
../2-4/shanx069.krn-5 2,2,0,0,-5,-5,-5,-5,0,0,0,0,-3,-3,0,0
../2-4/shanx069.krn-6 2,2,0,0,2,2,2,2,-3,-3,0,0,0,0,2,2
../2-4/shanx069.krn-7 7,7,9,9,7,7,7,7,7,7,7,7,-3,-3,0,0
../2-4/shanx069.krn-8 2,2,4,4,-1,-1,-3,-3,-5,-5,-5,-5,-5,-5,-5,-5
../2-4/shanx070.krn-0 9,9,7,4,9,9,7,4,7,7,9,4,2,0,-3,-3
../2-4/shanx070.krn-1 12,12,11,9,7,7,4,2,7,0,2,-3,-5,-5,-5,-5
../2-4/shanx072.krn-0 9,9,9,7,9,9,9,7,7,9,12,12,12,9,7,7
../2-4/shanx072.krn-1 7,9,12,12,12,9,7,12,9,7,4,2,0,0,0,0
../2-4/shanx072.krn-2 7,-3,0,0,2,5,5,9,7,5,2,5,7,7,7,7
../2-4/shanx072.krn-3 7,7,7,9,12,12,12,9,5,5,7,7,5,2,0,0
../2-4/shanx074.krn-0 9,7,4,4,9,7,4,4,9,7,9,12,7,7,7,4
../2-4/shanx074.krn-1 7,7,4,7,9,7,4,2,0,0,0,2,0,0,0,0
../2-4/shanx074.krn-2 4,4,4,4,4,0,9,9,4,4,-3,7,0,0,0,2
../2-4/shanx074.krn-3 7,7,7,4,4,-1,2,-1,-3,-3,-3,-1,-3,-3,-3,-3
../2-4/shanx076.krn-0 7,7,7,12,7,7,7,7,5,7,5,2,0,0,0,0
../2-4/shanx076.krn-1 2,2,7,7,0,0,2,2,5,5,5,-3,-5,-5,-5,-5
../2-4/shanx076.krn-2 0,0,0,0,-1,-1,0,0,-1,-1,-3,-5,5,5,5,5
../2-4/shanx076.krn-3 7,7,7,7,0,0,0,2,5,5,5,7,2,2,0,-3
../2-4/shanx076.krn-4 -5,-5,-5,5,2,2,0,-3,-5,-5,-5,-5,-5,-5,-5,-5
../2-4/shanx080.krn-0 9,9,7,7,9,9,4,4,7,7,7,7,7,7,7,7
../2-4/shanx080.krn-1 4,4,7,7,9,9,12,12,7,7,7,7,7,7,7,7
../2-4/shanx080.krn-2 14,14,14,14,12,12,12,12,14,14,16,14,12,12,12,12
../2-4/shanx080.krn-3 4,4,7,7,9,9,12,12,7,7,7,7,7,7,7,7
../2-4/shanx080.krn-4 4,4,4,4,12,12,12,12,9,9,9,9,9,9,11,11
../2-4/shanx080.krn-5 9,9,11,11,9,9,7,7,9,9,9,9,9,9,11,11
../2-4/shanx080.krn-6 9,9,7,7,5,5,4,4,2,2,2,2,2,2,2,2
../2-4/shanx080.krn-7 4,4,4,4,9,9,9,9,4,4,4,4,7,7,7,7
../2-4/shanx080.krn-8 4,4,2,2,4,4,7,7,4,4,4,4,4,4,7,7
../2-4/shanx080.krn-9 4,4,2,2,0,0,2,2,0,0,0,0,0,0,0,0
../2-4/shanx080.krn-10 4,4,2,2,0,0,2,2,4,4,2,2,0,0,2,2
../2-4/shanx080.krn-11 4,4,2,2,0,0,2,2,0,0,0,0,0,0,0,0
../2-4/shanx083.krn-0 16,16,16,14,12,12,11,11,9,9,4,4,7,7,7,7
../2-4/shanx083.krn-1 9,9,9,16,12,12,11,11,9,9,4,4,7,7,7,7
../2-4/shanx083.krn-2 4,4,7,7,12,12,11,9,7,7,7,9,12,12,4,4
../2-4/shanx083.krn-3 7,7,7,9,7,7,0,0,4,4,2,4,0,0,0,0
../2-4/shanx097.krn-0 19,19,16,16,14,16,14,12,9,9,12,12,4,4,4,7
../2-4/shanx097.krn-1 4,4,7,7,12,12,4,4,2,2,2,2,2,2,2,2
../2-4/shanx097.krn-2 19,19,16,16,14,16,14,12,9,9,7,7,9,9,9,9
../2-4/shanx097.krn-3 12,12,9,9,7,9,7,4,7,7,7,7,7,7,7,7
../2-4/shanx098.krn-0 9,9,4,4,7,7,9,9,2,2,0,2,-3,-3,-5,-5
../2-4/shanx098.krn-1 9,9,4,4,7,7,9,7,2,2,2,2,2,2,2,2
../2-4/shanx098.krn-2 9,9,4,4,7,7,7,9,2,2,0,-3,-5,-5,-5,-5
../2-4/shanx098.krn-3 2,2,7,7,0,0,-1,-3,-5,-5,-5,-5,-5,-5,-5,-5
../2-4/shanx105.krn-0 12,12,9,12,7,7,7,7,7,7,12,12,9,9,7,7
../2-4/shanx105.krn-1 12,12,9,7,4,4,2,2,0,0,0,0,-3,-3,-5,-5
../2-4/shanx105.krn-2 12,12,7,7,12,12,9,9,7,7,7,7,4,4,2,0
../2-4/shanx105.krn-3 2,2,-3,-3,-5,-5,0,0,-5,-5,-5,-5,-5,-5,-5,-5
../2-4/shanx106.krn-0 12,12,14,14,16,16,14,12,9,9,7,4,2,2,2,2
../2-4/shanx106.krn-1 12,12,14,14,16,16,14,12,9,9,9,9,9,9,9,9
../2-4/shanx106.krn-2 12,12,14,14,16,16,14,12,9,9,7,4,2,2,2,2
../2-4/shanx106.krn-3 7,7,12,12,9,9,7,4,7,7,7,7,7,7,7,7
../2-4/shanx111.krn-0 19,19,16,16,16,16,16,16,19,19,16,16,16,16,16,16
../2-4/shanx111.krn-1 14,14,16,16,19,19,19,19,19,19,17,17,16,16,14,14
../2-4/shanx111.krn-2 11,11,14,14,14,14,16,16,19,19,19,16,16,16,16,16
../2-4/shanx111.krn-3 14,14,12,12,11,11,9,9,7,7,7,7,7,7,7,7
../2-4/shanx111.krn-4 7,7,5,5,7,7,7,7,11,11,14,14,14,14,16,16
../2-4/shanx111.krn-5 14,14,14,14,14,14,11,11,14,14,11,11,14,14,14,14
../2-4/shanx111.krn-6 11,11,14,14,14,14,16,16,16,16,19,19,16,16,16,16
../2-4/shanx111.krn-7 16,16,11,11,16,16,14,14,11,11,11,9,7,7,7,7
../2-4/shanx113.krn-0 7,7,7,7,4,4,7,7,9,9,4,4,2,2,2,4
../2-4/shanx113.krn-1 7,7,9,12,7,9,7,4,2,2,0,0,-3,-3,-5,-5
../2-4/shanx113.krn-2 0,0,0,2,4,4,7,9,4,4,2,4,-5,-5,-5,-3
../2-4/shanx113.krn-3 0,0,-1,-3,2,2,-3,-3,-5,-5,-5,-5,-5,-5,-5,-5
../2-4/shanx116.krn-0 4,4,7,7,9,9,7,7,7,7,7,7,7,7,12,12
../2-4/shanx116.krn-1 4,4,2,2,0,0,-3,-3,2,2,2,2,2,2,2,2
../2-4/shanx116.krn-2 2,2,2,2,2,2,4,4,7,7,7,7,9,9,7,7
../2-4/shanx116.krn-3 4,4,4,4,4,4,2,2,0,0,2,2,7,7,4,4
../2-4/shanx116.krn-4 2,2,2,2,2,2,2,2,2,2,4,4,7,7,7,7
../2-4/shanx116.krn-5 9,9,7,7,4,4,2,2,0,0,0,0,0,0,4,4
../2-4/shanx116.krn-6 2,2,4,4,2,2,0,0,-3,-3,-3,-3,0,0,-3,-3
../2-4/shanx116.krn-7 -5,-5,-5,-5,-5,-5,-5,-5,-3,-3,-3,-3,-3,-3,0,0
../2-4/shanx116.krn-8 2,2,2,2,4,4,2,2,0,0,0,0,0,0,0,0
../2-4/shanx116.krn-9 -3,-3,0,0,2,2,4,4,-5,-5,-5,-5,-5,-5,-5,-5
../2-4/shanx116.krn-10 -3,-3,-3,-3,0,0,-3,-3,-5,-5,-5,-5,-5,-5,-3,-3
../2-4/shanx116.krn-11 -5,-5,-5,-5,-5,-5,-5,-5,-5,-5,-5,-5,-5,-5,-5,-5
../2-4/shanx119.krn-0 12,12,9,7,4,4,9,9,7,7,7,7,7,7,9,9
../2-4/shanx119.krn-1 4,4,7,7,2,2,4,4,7,7,7,7,7,7,7,7
../2-4/shanx119.krn-2 7,7,4,4,7,7,9,9,-3,-3,-5,-3,0,0,0,0
../2-4/shanx119.krn-3 2,2,7,7,0,0,-3,-3,-5,-5,-5,-5,-5,-5,-5,-5
../2-4/shanx119.krn-4 4,4,4,4,4,4,4,4,2,2,4,4,7,7,7,12
../2-4/shanx119.krn-5 4,4,4,2,0,0,-3,0,2,2,2,2,2,2,2,2
../2-4/shanx119.krn-6 7,7,4,4,7,7,7,9,-3,-3,-5,-3,0,0,0,0
../2-4/shanx119.krn-7 2,2,7,7,0,0,-3,-3,-5,-5,-5,-5,-5,-5,-5,-5
../2-4/shanx120.krn-0 0,0,0,2,0,0,2,2,0,0,-3,-3,-5,-5,-5,-5
../2-4/shanx120.krn-1 7,7,7,7,7,7,12,12,12,12,9,7,5,5,5,5
../2-4/shanx120.krn-2 12,12,9,9,7,7,9,9,7,7,4,4,2,2,2,2
../2-4/shanx120.krn-3 2,2,0,0,-3,-3,0,0,2,2,2,2,2,2,2,2
../2-4/shanx120.krn-4 2,2,2,4,7,7,7,7,5,5,9,9,4,4,4,4
../2-4/shanx120.krn-5 2,2,2,2,7,7,2,2,0,0,0,0,0,0,0,0
../2-4/shanx120.krn-6 7,7,7,7,-3,-3,0,0,2,2,4,4,2,2,2,2
../2-4/shanx120.krn-7 -3,-3,-3,-3,0,0,-3,-3,-5,-5,-5,-5,-5,-5,-5,-5
../2-4/shanx125.krn-0 7,7,12,12,7,7,5,7,2,7,0,-3,-5,-5,-5,0
../2-4/shanx125.krn-1 4,2,0,-3,-5,-5,0,2,7,7,7,7,7,7,5,7
../2-4/shanx125.krn-2 4,2,0,-3,-5,-5,0,2,7,7,5,7,2,4,0,-3
../2-4/shanx125.krn-3 -5,-5,-5,0,4,2,0,-3,-5,-5,-5,-5,-5,-5,-5,-5
../2-4/shanx126.krn-0 0,0,0,2,-1,-1,-3,-5,7,7,9,12,7,7,7,7
../2-4/shanx126.krn-1 7,7,7,9,12,7,7,4,7,0,0,4,2,2,2,2
../2-4/shanx126.krn-2 -1,-1,-3,-5,7,7,7,9,-1,-1,2,4,0,0,0,0
../2-4/shanx126.krn-3 7,2,2,7,0,0,-1,-3,0,-5,-5,-3,-5,-5,-5,-5
../2-4/shanx126.krn-4 2,0,2,4,2,2,2,4,7,4,7,9,0,0,0,0
../2-4/shanx126.krn-5 7,2,2,4,0,0,-1,-3,0,-5,-5,-3,-5,-5,-5,-5
../2-4/shanx140.krn-0 7,7,7,7,7,7,4,7,9,11,9,7,9,9,9,9
../2-4/shanx140.krn-1 12,12,12,9,7,9,7,4,2,4,2,0,2,2,2,2
../2-4/shanx140.krn-2 7,7,7,4,7,9,7,4,2,2,4,2,0,0,0,-3
../2-4/shanx140.krn-3 0,2,4,7,2,0,-1,-3,-5,-5,-5,-3,-5,-5,-5,-5
../2-4/shanx154.krn-0 2,2,-1,-1,-3,-3,-3,-3,9,9,9,9,4,4,9,9
../2-4/shanx154.krn-1 4,4,9,9,2,2,-3,-3,0,0,0,0,0,0,0,0
../2-4/shanx154.krn-2 4,4,4,4,9,9,9,9,0,0,-3,-3,7,7,4,4
../2-4/shanx154.krn-3 2,2,4,7,-1,-1,-3,-3,-5,-5,-5,-5,-5,-5,-5,-5
../2-4/shanx157.krn-0 9,9,9,7,4,4,7,7,9,9,9,7,4,4,7,7
../2-4/shanx157.krn-1 9,9,9,12,4,7,4,7,9,9,9,9,9,9,9,9
../2-4/shanx157.krn-2 7,7,7,9,14,14,11,11,9,9,9,9,9,9,7,7
../2-4/shanx157.krn-3 4,4,9,9,0,0,2,2,4,4,9,9,0,0,2,2
../2-4/shanx157.krn-4 0,0,0,2,7,7,-1,-1,-3,-3,-3,-3,-3,-3,-3,-3
../2-4/shanx161.krn-0 7,7,7,9,7,7,5,4,2,2,2,4,7,7,7,7
../2-4/shanx161.krn-1 4,4,4,2,0,0,0,0,7,7,7,4,2,2,2,4
../2-4/shanx161.krn-2 -5,-5,-5,-3,0,0,0,0,4,2,0,-3,-5,-5,-5,-5
../2-4/shanx162.krn-0 9,9,9,7,4,4,2,4,7,7,7,7,7,7,12,12
../2-4/shanx162.krn-1 9,9,9,7,4,4,4,2,0,0,0,0,0,0,-3,-3
../2-4/shanx162.krn-2 0,-3,0,2,7,7,7,4,2,4,0,2,4,4,4,4
../2-4/shanx162.krn-3 -3,0,-3,0,2,2,0,-3,-5,-5,-5,-3,-5,-5,-5,-5
../2-4/shanx163.krn-0 14,14,14,16,14,14,14,14,14,14,12,12,9,9,9,9
../2-4/shanx163.krn-1 14,14,14,14,4,4,7,7,9,9,9,9,9,9,9,9
../2-4/shanx163.krn-2 14,14,14,14,14,14,12,12,9,9,9,9,9,9,7,7
../2-4/shanx163.krn-3 4,4,4,4,4,4,2,4,2,2,2,2,2,2,2,2
../2-4/shanx166.krn-0 7,7,9,7,2,2,2,2,9,9,7,4,2,2,2,2
../2-4/shanx166.krn-1 7,7,7,7,9,9,7,4,2,4,2,0,-3,-3,-3,-3
../2-4/shanx166.krn-2 2,2,2,2,7,7,7,7,-3,-3,0,0,5,5,5,5
../2-4/shanx166.krn-3 -3,-3,-3,0,-3,-3,-5,-8,-10,-10,-10,-10,-10,-10,-10,-10
../2-4/shanx167.krn-0 0,0,2,4,-1,-1,-3,-3,7,7,9,12,7,7,7,7
../2-4/shanx167.krn-1 4,4,2,4,0,0,-3,0,2,2,2,2,2,2,2,2
../2-4/shanx167.krn-2 7,7,9,12,7,7,5,4,2,2,4,4,7,7,7,7
../2-4/shanx167.krn-3 0,0,-1,-3,-5,-5,-10,-10,-5,-5,-5,-5,-5,-5,-5,-5
../2-4/shanx171.krn-0 0,0,0,-3,-5,-5,-5,-5,7,7,12,9,7,7,7,4
../2-4/shanx171.krn-1 12,4,4,2,4,2,0,0,2,4,-3,0,2,2,2,2
../2-4/shanx171.krn-2 2,4,-5,-5,7,9,7,4,7,7,-3,0,2,4,2,0
../2-4/shanx171.krn-3 7,7,-3,0,2,4,2,0,-3,-5,0,-3,-5,-5,-5,-5
../2-4/shanx173.krn-0 9,9,9,9,7,9,7,4,2,2,2,2,2,2,2,2
../2-4/shanx173.krn-1 7,7,7,-3,0,2,0,-3,-5,-5,-5,-5,-5,-5,-5,-5
../2-4/shanx173.krn-2 0,0,0,-3,2,2,2,2,4,7,4,2,-3,-3,-3,0
../2-4/shanx173.krn-3 2,2,2,4,0,2,0,-3,-5,-5,-5,-5,-5,-5,-5,-5
../2-4/shanx173.krn-4 9,9,9,7,4,4,4,4,9,12,9,7,4,4,4,4
../2-4/shanx173.krn-5 2,4,2,0,-3,0,-5,-3,0,0,0,0,0,0,0,0
../2-4/shanx173.krn-6 9,9,9,7,4,4,4,4,2,4,2,0,-3,-3,-3,-3
../2-4/shanx173.krn-7 2,2,7,7,0,2,0,-3,-5,-5,-5,-5,-5,-5,-5,-5
../2-4/shanx173.krn-8 0,0,0,2,4,7,4,2,0,0,0,0,0,0,0,0
../2-4/shanx173.krn-9 0,0,0,2,4,7,4,2,0,0,0,0,0,0,0,0
../2-4/shanx173.krn-10 9,9,9,7,4,4,4,4,2,4,2,0,-3,-3,-3,-3
../2-4/shanx173.krn-11 2,2,7,7,0,2,0,-3,-5,-5,-5,-5,-5,-5,-5,-5
../2-4/shanx184.krn-0 16,16,16,16,12,12,14,14,19,19,19,19,12,12,9,9
../2-4/shanx184.krn-1 16,16,12,12,12,12,14,16,12,12,11,9,7,7,7,7
../2-4/shanx184.krn-2 16,16,12,12,12,12,14,14,7,7,12,12,11,11,9,9
../2-4/shanx184.krn-3 7,7,9,9,9,9,7,4,7,7,7,7,7,7,7,7
../2-4/shanx187.krn-0 2,2,2,2,2,2,2,2,4,4,2,2,4,4,7,7
../2-4/shanx187.krn-1 2,2,0,0,-3,-3,-5,-5,-8,-8,-8,-8,-8,-8,-8,-8
../2-4/shanx187.krn-2 4,4,4,4,4,4,2,2,-3,-3,0,0,2,2,4,4
../2-4/shanx187.krn-3 2,2,2,-3,-5,-5,-8,-8,-5,-5,-5,-5,-5,-5,-5,-5
../2-4/shanx188.krn-0 7,7,7,7,9,9,7,12,12,9,7,9,7,7,7,7
../2-4/shanx188.krn-1 4,4,2,-3,0,0,2,4,0,2,-3,-3,-5,-5,-5,-5
../2-4/shanx188.krn-2 4,4,2,4,7,7,7,7,4,4,2,-3,0,0,2,4
../2-4/shanx188.krn-3 0,0,2,-3,-5,-8,-5,-3,0,0,0,0,0,0,0,0
../2-4/shanx190.krn-0 14,14,9,9,14,14,9,9,7,7,9,12,7,7,7,7
../2-4/shanx190.krn-1 12,12,4,4,7,7,9,7,0,0,2,2,9,9,7,7
../2-4/shanx190.krn-2 7,7,7,12,9,9,7,7,12,12,12,4,2,2,2,2
../2-4/shanx190.krn-3 7,7,0,4,2,4,2,-3,-5,-5,-5,-5,-5,-5,-5,-5
../2-4/shanx194.krn-0 7,7,7,9,7,7,2,4,0,0,0,0,-1,-1,-3,-3
../2-4/shanx194.krn-1 2,2,2,4,2,2,-3,-1,-5,-5,-5,-5,-5,-5,-5,-5
../2-4/shanx194.krn-2 7,7,7,9,7,7,5,5,4,4,2,4,2,2,-5,-5
../2-4/shanx194.krn-3 2,2,2,4,2,2,-3,-1,-5,-5,-5,-5,-5,-5,-5,-5
../2-4/shanx194.krn-4 -1,-1,4,4,2,2,2,2,7,7,7,9,7,7,5,5
../2-4/shanx194.krn-5 4,4,2,4,2,2,-5,-5,-1,-1,4,4,2,2,0,0
../2-4/shanx194.krn-6 -1,-1,-3,-3,-5,-5,-3,0,-5,-5,-5,-5,-5,-5,-5,-5
../2-4/shanx197.krn-0 4,4,7,7,4,4,7,7,12,12,9,12,7,7,7,7
../2-4/shanx197.krn-1 4,4,0,0,2,2,2,2,12,12,9,12,7,7,7,7
../2-4/shanx197.krn-2 4,4,0,0,2,2,2,2,2,2,2,2,7,7,7,7
../2-4/shanx197.krn-3 7,7,7,7,0,0,0,0,2,2,7,7,0,0,0,0
../2-4/shanx197.krn-4 0,0,4,4,2,2,0,0,0,0,-5,-5,0,0,0,0
../2-4/shanx201.krn-0 0,0,16,16,19,19,16,14,19,19,16,16,14,14,14,14
../2-4/shanx201.krn-1 0,0,16,16,19,19,16,14,12,12,12,14,12,9,12,12
../2-4/shanx201.krn-2 0,0,11,11,16,16,14,12,14,14,11,9,7,4,7,7
../2-4/shanx201.krn-3 0,0,11,11,16,16,14,12,14,19,11,9,7,7,7,7
../2-4/shanx204.krn-0 7,7,7,7,9,9,12,12,7,7,7,7,4,4,4,4
../2-4/shanx204.krn-1 7,7,9,9,7,7,4,4,2,2,0,0,2,2,2,2
../2-4/shanx204.krn-2 7,7,7,7,9,9,12,12,7,7,7,7,4,4,4,4
../2-4/shanx204.krn-3 7,7,9,9,7,7,4,4,2,2,0,0,2,2,2,2
../2-4/shanx204.krn-4 7,7,4,4,2,2,2,2,0,0,4,4,2,2,2,2
../2-4/shanx204.krn-5 7,7,4,4,2,2,4,4,0,0,4,4,2,2,2,2
../2-4/shanx204.krn-6 12,12,12,12,7,7,7,7,-1,-1,-1,-3,-5,-5,-5,-5
../2-4/shanx204.krn-7 0,0,0,4,-1,-1,-3,-3,-5,-5,-5,-5,-5,-5,0,0
../2-4/shanx204.krn-8 7,7,7,7,4,4,7,7,12,12,12,9,7,7,7,7
../2-4/shanx204.krn-9 4,4,4,7,4,4,7,7,12,12,12,9,7,7,7,7
../2-4/shanx204.krn-10 7,7,7,7,4,4,2,2,0,0,0,0,-3,-3,-3,-3
../2-4/shanx204.krn-11 7,7,7,4,2,2,0,0,-5,-5,-5,-5,-5,-5,-5,-5
../2-4/shanx227.krn-0 2,2,2,7,2,0,-3,0,2,2,2,2,2,2,2,2
../2-4/shanx227.krn-1 7,7,2,4,2,0,-3,-3,-5,-5,-5,-5,-5,-5,-5,-5
../2-4/shanx227.krn-2 -3,0,2,2,2,2,2,7,2,0,-1,-3,-5,-5,-5,-3
../2-4/shanx227.krn-3 0,0,0,-3,-5,-3,-5,-8,-10,-10,-10,-10,-10,-10,-10,-10
../2-4/shanx233.krn-0 0,0,0,0,-1,-1,-3,-3,7,7,7,7,9,9,12,12
../2-4/shanx233.krn-1 7,7,7,7,7,7,4,7,9,11,9,7,9,9,9,9
../2-4/shanx233.krn-2 2,2,4,4,2,2,0,0,-3,-3,-3,-3,-3,-3,-3,-3
../2-4/shanx236.krn-0 4,4,4,7,9,9,4,4,4,2,0,-1,9,7,-3,-3
../2-4/shanx236.krn-1 9,9,7,7,9,9,7,7,9,7,5,4,2,2,2,2
../2-4/shanx236.krn-2 9,7,5,4,2,2,2,0,-3,-5,-3,0,2,2,2,2
../2-4/shanx240.krn-0 0,0,0,2,7,7,0,0,5,5,5,5,7,7,5,4
../2-4/shanx240.krn-1 2,2,0,0,0,0,0,2,7,7,0,0,5,5,5,5
../2-4/shanx240.krn-2 7,7,5,4,2,2,0,0,7,7,5,5,2,5,2,0
../2-4/shanx240.krn-3 2,5,0,2,7,7,2,0,2,0,-2,-3,-5,-5,0,0
../2-4/shanx240.krn-4 0,0,0,2,7,7,7,7,5,5,5,4,2,0,-1,-3
../2-4/shanx240.krn-5 -5,-5,-5,-5,2,0,-2,-3,-5,-5,0,0,2,2,7,7
../2-4/shanx240.krn-6 2,7,2,0,2,0,-2,-3,-5,-5,-5,-7,-5,-5,0,0
../2-4/shanx241.krn-0 9,7,7,7,4,4,4,7,2,2,-3,0,2,2,2,2
../2-4/shanx241.krn-1 9,7,7,7,4,4,4,7,2,2,-3,0,2,2,2,2
../2-4/shanx241.krn-2 9,7,7,7,4,4,4,7,2,2,2,2,7,7,7,-1
../2-4/shanx241.krn-3 2,2,2,2,7,7,-1,-3,-5,-5,-5,-3,0,0,0,2
../2-4/shanx241.krn-4 7,7,7,4,2,4,2,4,2,4,2,0,-3,-3,0,0
../2-4/shanx241.krn-5 -3,-3,0,0,-3,-5,-7,-7,-5,-5,-5,-5,-5,-5,-5,-5
../2-4/shanx243.krn-0 14,14,19,19,16,16,16,14,12,12,14,14,14,14,16,16
../2-4/shanx243.krn-1 19,19,21,19,16,19,16,14,12,12,12,9,7,9,7,7
../2-4/shanx243.krn-2 9,9,12,12,14,14,14,16,19,19,14,14,14,14,9,9
../2-4/shanx243.krn-3 12,12,12,9,7,9,7,4,2,2,2,2,2,2,2,2
../2-4/shanx244.krn-0 9,9,9,9,11,11,9,9,7,7,7,7,4,4,2,2
../2-4/shanx244.krn-1 9,9,9,9,11,11,9,9,7,7,7,7,4,4,2,2
../2-4/shanx244.krn-2 12,12,12,12,12,12,11,11,9,9,11,11,9,9,7,7
../2-4/shanx244.krn-3 4,4,7,7,4,4,9,9,7,7,7,7,0,0,0,0
../2-4/shanx244.krn-4 9,9,7,7,9,9,9,9,9,9,11,11,9,9,7,7
../2-4/shanx244.krn-5 9,9,11,11,9,9,7,7,9,9,12,12,7,7,4,4
../2-4/shanx244.krn-6 2,2,2,2,2,2,4,4,2,2,2,2,0,0,0,0
../2-4/shanx244.krn-7 7,7,7,7,4,4,7,7,9,9,12,12,7,7,4,4
../2-4/shanx244.krn-8 2,2,4,4,7,7,7,7,4,4,7,7,4,4,2,4
../2-4/shanx244.krn-9 0,0,0,2,4,4,2,2,0,0,0,0,0,0,0,0
../2-4/shanx250.krn-0 7,7,7,7,7,7,7,9,9,9,7,5,7,7,7,7
../2-4/shanx250.krn-1 4,4,0,0,2,2,4,2,0,0,-1,-3,-5,-5,-5,-5
../2-4/shanx250.krn-2 4,4,4,4,7,7,7,4,2,2,0,2,7,7,4,4
../2-4/shanx250.krn-3 -3,-3,-5,-3,-1,-1,-1,-3,-5,-5,-5,-5,-5,-5,-5,-5
../2-4/shanx252.krn-0 4,4,4,4,4,4,0,0,4,4,4,4,4,7,4,2
../2-4/shanx252.krn-1 -3,-3,0,0,0,0,0,0,4,4,4,4,2,4,2,0
../2-4/shanx252.krn-2 -3,-3,0,0,-8,-8,-8,-8,4,4,4,4,2,4,2,0
../2-4/shanx252.krn-3 -3,-3,0,0,-8,-8,-8,-8,0,0,-3,-5,-8,-8,-8,-8
../2-4/shanx252.krn-4 0,0,-3,-5,-8,-8,-8,-8,4,4,4,4,2,4,2,0
../2-4/shanx252.krn-5 -3,0,-3,-5,-8,-8,-8,-8,0,0,-3,-5,-8,-8,-8,-8
../2-4/shanx252.krn-6 -1,-1,-3,-5,-8,-8,-8,-8,4,4,4,4,2,4,2,0
../2-4/shanx252.krn-7 -3,-3,0,0,-8,-8,-8,-8,4,0,4,0,0,0,0,0
../2-4/shanx252.krn-8 4,0,4,0,0,0,0,0,4,4,4,4,-3,0,-3,-5
../2-4/shanx252.krn-9 4,7,4,2,-3,-3,0,0,7,7,7,4,2,0,2,4
../2-4/shanx252.krn-10 0,0,-1,-3,-8,-8,-8,-8,-1,-1,-8,-8,-5,-5,-5,-5
../2-4/shanx254.krn-0 9,9,9,11,12,12,4,7,9,11,9,7,9,9,9,9
../2-4/shanx254.krn-1 7,9,12,12,12,9,7,4,2,2,2,4,2,2,2,2
../2-4/shanx254.krn-2 12,12,12,9,12,9,7,4,2,4,7,4,2,0,-3,-5
../2-4/shanx254.krn-3 0,0,0,0,0,0,7,7,4,4,4,2,-1,-1,-3,-3
../2-4/shanx254.krn-4 -5,-5,-5,-5,-5,-5,-3,-3,-5,-5,-5,-5,-5,-5,-5,-5
../2-4/shanx255.krn-0 12,12,12,9,7,4,4,7,12,12,12,9,7,7,7,4
../2-4/shanx255.krn-1 7,7,7,12,9,7,7,4,2,2,2,0,2,2,2,2
../2-4/shanx255.krn-2 7,7,7,4,9,9,9,7,9,4,4,2,0,0,0,-3
../2-4/shanx255.krn-3 7,7,7,4,7,2,2,0,-5,-5,-5,-5,-5,-5,-5,-5
../2-4/shanx259.krn-0 7,7,12,9,7,7,4,2,7,7,12,9,7,12,4,2
../2-4/shanx259.krn-1 0,0,0,-3,7,9,7,7,-3,0,4,2,0,0,0,0
../2-4/shanx259.krn-2 0,2,7,7,9,7,4,2,0,2,7,4,2,0,-5,-5
../2-4/shanx259.krn-3 0,-3,-5,-5,7,7,7,0,2,4,2,-3,-5,-5,-5,-5
../2-4/shanx265.krn-0 16,16,16,16,16,16,16,16,19,19,17,17,16,16,16,16
../2-4/shanx265.krn-1 11,11,14,14,16,16,14,14,9,9,7,7,4,4,4,4
../2-4/shanx265.krn-2 16,16,11,11,14,14,16,16,16,16,16,14,12,12,11,11
../2-4/shanx265.krn-3 16,16,11,11,9,9,4,4,7,7,7,7,7,7,7,7
../2-4/shanx266.krn-0 9,9,9,12,9,9,2,2,12,12,9,9,7,7,4,4
../2-4/shanx266.krn-1 9,9,7,7,12,12,4,4,2,2,0,0,-3,-3,-3,-3
../2-4/shanx266.krn-2 4,4,2,2,4,4,7,7,2,2,-3,-3,0,0,0,0
../2-4/shanx266.krn-3 9,9,9,12,9,9,4,4,7,7,7,7,7,7,7,7
../2-4/shanx269.krn-0 7,7,12,12,12,12,12,4,7,7,9,7,4,4,2,2
../2-4/shanx269.krn-1 12,12,12,14,19,21,19,16,14,14,14,14,14,14,16,14
../2-4/shanx269.krn-2 12,12,12,14,19,19,16,14,12,12,14,12,9,9,7,7
../2-4/shanx269.krn-3 7,7,7,9,12,12,14,12,7,7,7,7,7,7,7,7
../2-4/shanx271.krn-0 7,7,7,7,5,5,4,7,12,12,11,9,7,7,7,7
../2-4/shanx271.krn-1 12,12,11,9,7,7,7,9,0,0,-1,-3,2,2,2,2
../2-4/shanx271.krn-2 2,2,2,4,12,12,9,7,7,-1,2,4,-5,-5,-5,-3
../2-4/shanx271.krn-3 0,0,0,4,2,0,-1,-3,-5,-5,-5,-5,-5,-5,-5,-5
../2-4/shanx272.krn-0 7,7,7,9,12,12,12,12,14,14,11,11,9,9,7,7
../2-4/shanx272.krn-1 9,9,5,5,4,4,2,2,7,7,7,7,7,7,7,7
../2-4/shanx272.krn-2 7,7,7,9,12,12,12,12,14,14,11,11,9,9,7,7
../2-4/shanx272.krn-3 9,9,5,5,4,4,2,2,7,7,7,7,7,7,7,7
../2-4/shanx272.krn-4 7,7,7,9,12,12,12,12,14,14,11,11,9,9,7,7
../2-4/shanx272.krn-5 4,4,4,7,9,9,12,12,7,7,9,9,5,5,4,4
../2-4/shanx272.krn-6 2,2,2,4,7,7,12,12,9,9,7,7,4,4,2,2
../2-4/shanx272.krn-7 4,4,5,5,4,4,2,2,0,0,0,0,0,0,0,0
../2-4/shanx272.krn-8 9,9,9,7,9,9,12,12,7,7,9,9,5,5,4,4
../2-4/shanx272.krn-9 2,2,2,4,7,7,12,12,9,9,7,7,4,4,2,2
../2-4/shanx272.krn-10 4,4,5,5,4,4,2,2,0,0,0,0,0,0,0,0
../2-4/shanx274.krn-0 7,7,7,9,7,7,4,2,7,7,7,9,7,7,4,2
../2-4/shanx274.krn-1 7,7,7,9,7,7,4,2,4,7,4,2,0,0,0,0
../2-4/shanx274.krn-2 7,4,4,7,0,0,0,0,7,7,9,9,7,7,4,2
../2-4/shanx274.krn-3 7,4,4,7,7,7,4,2,4,7,4,2,0,0,0,0
../2-4/shanx276.krn-0 0,0,0,0,2,2,2,2,0,0,-1,-3,-5,-5,-5,-5
../2-4/shanx276.krn-1 12,12,12,9,7,7,4,4,2,2,2,2,2,2,2,2
../2-4/shanx276.krn-2 0,0,-3,0,2,2,2,2,7,7,-1,-1,-1,-1,-1,-1
../2-4/shanx276.krn-3 -3,0,2,4,2,0,-1,-3,-5,-5,-5,-5,-5,-5,-5,-5
../2-4/shanx276.krn-4 -5,-5,-5,-3,0,0,0,0,0,2,0,-3,-5,-5,-5,-5
../2-4/shanx276.krn-5 9,9,9,7,4,4,7,7,2,2,2,2,2,2,4,4
../2-4/shanx276.krn-6 0,0,-3,0,2,2,2,2,7,7,7,9,4,4,4,4
../2-4/shanx276.krn-7 -3,-3,-3,-5,0,0,4,4,2,2,2,2,2,2,2,2
../2-4/shanx276.krn-8 0,0,-5,-5,-1,-1,-3,-3,-5,-5,-5,-5,-5,-5,-5,-5
../2-4/shanx281.krn-0 0,2,4,7,2,2,2,7,4,2,0,-3,-5,-5,-5,-5
../2-4/shanx281.krn-1 0,2,4,7,4,2,0,0,4,-5,-3,0,-5,-5,-5,-5
../2-4/shanx281.krn-2 2,4,2,2,2,7,4,7,2,2,-5,-5,0,-3,0,0
../2-4/shanx281.krn-3 4,4,-1,-3,4,4,-5,-5,-3,-5,4,2,0,0,0,0
../2-4/shanx285.krn-0 2,2,2,2,2,2,4,4,7,7,7,7,7,7,7,7
../2-4/shanx285.krn-1 9,9,9,7,4,4,2,2,0,0,-3,-3,7,7,4,4
../2-4/shanx285.krn-2 2,2,2,2,2,2,2,2,2,2,2,2,7,7,7,7
../2-4/shanx285.krn-3 9,9,7,7,4,4,7,7,2,2,4,4,0,0,0,0
../2-4/shanx285.krn-4 4,4,4,4,2,2,0,0,2,2,2,2,-3,-3,-3,-3
../2-4/shanx285.krn-5 -5,-5,-5,-5,-5,-5,-5,-5,0,0,0,2,-3,-3,0,0
../2-4/shanx285.krn-6 2,2,7,7,2,2,0,0,-3,-3,-5,-5,-10,-10,-8,-8
../2-4/shanx285.krn-7 -5,-5,-5,-5,-5,-5,-3,-3,-5,-5,-5,-5,0,0,0,0
../2-4/shanx295.krn-0 0,0,2,2,7,7,4,2,2,2,4,4,-5,-5,-5,-5
../2-4/shanx295.krn-1 0,0,2,2,7,7,2,4,2,2,-8,-8,-5,-5,-5,-5
../2-4/shanx295.krn-2 0,0,2,2,7,7,4,2,7,7,2,2,4,4,2,2
../2-4/shanx295.krn-3 7,7,2,2,7,7,4,2,0,0,0,0,0,0,0,0
../2-4/shanx295.krn-4 4,4,2,2,0,0,2,2,0,0,2,2,2,0,-3,-3
../2-4/shanx295.krn-5 -5,-5,-5,-5,-5,-5,-5,-5,-5,-5,-3,-3,-5,-5,-5,-5
../2-4/shanx304.krn-0 9,9,9,9,7,7,7,7,9,9,12,12,9,9,9,9
../2-4/shanx304.krn-1 9,9,7,7,5,5,2,2,7,7,7,7,7,7,9,9
../2-4/shanx304.krn-2 5,5,7,7,12,12,9,9,7,7,7,9,7,7,5,5
../2-4/shanx304.krn-3 2,2,7,7,2,4,2,0,2,0,-1,-1,-1,0,-1,0
../2-4/shanx304.krn-4 2,0,-1,-1,-1,-1,0,0,2,0,-1,-1,-1,-1,0,0
../2-4/shanx304.krn-5 2,2,2,2,7,7,9,9,7,7,7,7,7,7,9,9
../2-4/shanx304.krn-6 2,2,2,4,2,2,0,-3,0,0,-5,-5,0,0,-3,-3
../2-4/shanx304.krn-7 -5,-5,-5,-5,-5,-5,-3,-3,-5,-5,-5,-5,-5,-5,-5,-5
../2-4/shanx305.krn-0 7,5,7,7,0,9,9,7,2,2,7,7,4,2,0,0
../2-4/shanx305.krn-1 0,2,7,7,4,2,0,0,2,2,0,-3,-5,-5,-5,-5
../2-4/shanx305.krn-2 0,7,0,0,0,2,2,7,7,7,0,0,0,-3,-5,-5
../2-4/shanx305.krn-3 0,0,2,2,0,-3,-5,-5,0,-3,0,0,-1,-3,-5,-5
../2-4/shanx308.krn-0 16,16,19,19,9,9,9,12,7,7,7,7,7,7,7,7
../2-4/shanx308.krn-1 14,14,16,16,12,12,11,9,7,7,7,7,7,7,7,7
../2-4/shanx308.krn-2 7,7,9,9,12,12,12,12,16,16,11,11,9,9,7,7
../2-4/shanx308.krn-3 12,12,12,12,4,4,9,9,7,7,7,7,7,7,7,7
../2-4/shanx308.krn-4 7,7,9,9,12,12,12,12,16,16,16,16,14,14,16,16
../2-4/shanx308.krn-5 7,7,4,4,7,7,11,11,9,9,7,7,4,4,4,4
../2-4/shanx308.krn-6 2,2,2,4,7,7,11,11,9,9,7,7,4,4,2,2
../2-4/shanx308.krn-7 16,16,11,11,16,19,16,14,12,12,12,12,12,12,12,12
../2-4/shanx308.krn-8 19,19,14,16,11,11,9,9,7,7,7,7,7,7,7,7
../2-4/shanx308.krn-9 2,2,2,4,7,7,11,11,9,9,7,7,4,4,2,2
../2-4/shanx308.krn-10 16,16,11,11,16,19,16,14,12,12,12,12,12,12,12,12
../2-4/shanx312.krn-0 2,2,2,4,7,9,7,4,2,2,2,2,2,2,2,2
../2-4/shanx312.krn-1 4,5,4,2,0,0,0,0,2,2,2,4,2,0,-3,0
../2-4/shanx312.krn-2 -5,-5,-5,-5,-5,-5,-5,-5,7,7,7,7,4,7,4,2
../2-4/shanx312.krn-3 4,7,7,-3,0,0,0,0,2,2,2,4,2,0,-3,0
../2-4/shanx312.krn-4 -5,-5,-5,0,-8,-5,-8,-5,-3,0,-3,-5,-3,-3,-3,-3
../2-4/shanx312.krn-5 2,2,2,4,7,7,7,2,0,0,-3,-3,-3,0,-3,-5
../2-4/shanx312.krn-6 -8,-8,-5,-5,0,0,0,-3,-5,-3,-5,-8,-10,-10,-10,-10
../2-4/shanx313.krn-0 7,7,-1,-1,2,2,2,2,2,2,7,7,4,4,7,7
../2-4/shanx313.krn-1 2,2,4,2,0,0,2,2,4,4,2,0,-1,-1,-1,-1
../2-4/shanx313.krn-2 -5,-5,-5,-3,0,0,0,0,2,2,4,4,2,2,0,0
../2-4/shanx313.krn-3 2,2,2,-5,0,0,-3,-3,-5,-5,-5,-5,-5,-5,-5,-5
../2-4/shanx322.krn-0 4,4,9,9,7,7,4,4,7,7,4,4,2,2,2,2
../2-4/shanx322.krn-1 4,7,-1,-1,-3,-3,0,0,2,2,2,2,2,2,2,2
../2-4/shanx322.krn-2 4,4,9,9,7,7,4,4,4,7,-1,-1,-1,-1,-1,-1
../2-4/shanx322.krn-3 -3,-3,2,2,-1,-1,-3,-3,-5,-5,-5,-5,-5,-5,-5,-5
../2-4/shanx322.krn-4 -3,-3,-5,-1,-3,-3,-5,-5,-3,-3,-3,-3,4,4,4,2
../2-4/shanx322.krn-5 0,0,-3,-3,-5,-5,-8,-8,-10,-10,-10,-10,-10,-10,-10,-10
../2-4/shanx322.krn-6 4,4,4,9,7,7,7,4,7,7,4,4,2,2,2,4
../2-4/shanx322.krn-7 -5,-5,-8,-8,-5,-5,-3,-3,4,4,4,4,4,4,4,4
../2-4/shanx322.krn-8 0,0,-3,-3,-5,-5,-8,-8,2,2,2,2,2,2,2,2
../2-4/shanx328.krn-0 16,16,19,19,19,19,21,21,19,19,19,19,16,16,14,14
../2-4/shanx328.krn-1 19,19,14,14,14,14,12,12,9,9,7,7,7,7,7,7
../2-4/shanx328.krn-2 9,9,12,12,12,12,14,14,19,19,19,19,21,21,16,16
../2-4/shanx328.krn-3 7,7,7,7,14,16,14,12,14,14,16,16,12,12,9,9
../2-4/shanx328.krn-4 7,7,7,7,12,12,14,14,19,19,19,19,16,16,19,19
../2-4/shanx328.krn-5 14,14,16,16,12,12,9,9,7,7,7,7,7,7,12,12
../2-4/shanx328.krn-6 14,14,16,16,12,12,9,9,7,7,7,7,7,7,7,7
../2-4/shanx329.krn-0 7,7,7,7,5,5,2,2,2,2,7,7,2,2,2,2
../2-4/shanx329.krn-1 2,2,7,7,2,2,2,2,7,7,5,5,2,2,2,2
../2-4/shanx329.krn-2 2,2,0,2,0,0,0,0,7,7,7,7,-1,-1,-5,-5
../2-4/shanx329.krn-3 7,7,0,0,2,2,2,2,-2,-2,-3,-3,-5,-5,-5,-5
../2-4/shanx329.krn-4 -5,-5,-5,-5,0,0,0,0,2,2,5,2,0,0,0,0
../2-4/shanx329.krn-5 2,2,4,2,0,0,0,0,2,2,2,2,0,0,0,0
../2-4/shanx329.krn-6 2,2,2,7,0,0,0,0,2,2,0,0,-5,-5,-5,-5
../2-4/shanx329.krn-7 2,7,0,0,2,2,2,2,10,10,-3,-3,-5,-5,-5,-5
../2-4/shanx330.krn-0 9,9,7,7,4,4,2,2,4,4,4,6,4,4,4,4
../2-4/shanx330.krn-1 2,4,7,7,7,4,2,2,4,2,0,-1,-3,-3,0,0
../2-4/shanx330.krn-2 9,9,4,7,9,9,4,7,9,9,14,11,9,9,9,7
../2-4/shanx330.krn-3 2,2,7,7,4,4,4,2,4,2,0,-1,-3,-3,0,0
../2-4/shanx334.krn-0 2,2,2,2,7,7,7,7,9,9,7,7,4,4,2,2
../2-4/shanx334.krn-1 2,2,2,4,7,7,0,0,2,2,2,2,2,2,2,2
../2-4/shanx334.krn-2 2,2,2,2,7,7,7,7,9,9,7,7,4,4,2,2
../2-4/shanx334.krn-3 2,2,4,4,7,7,0,0,2,2,2,2,2,2,2,2
../2-4/shanx334.krn-4 0,0,0,0,-1,-1,-3,-3,-5,-5,-5,-5,-5,-5,-5,-5
../2-4/shanx334.krn-5 7,7,7,7,9,9,7,7,5,5,4,4,2,2,2,2
../2-4/shanx334.krn-6 7,7,7,9,7,7,7,7,5,5,4,4,2,2,2,4
../2-4/shanx334.krn-7 0,0,0,-1,-3,-3,-8,-8,-5,-5,-5,-5,-5,-5,-5,-5
../2-4/shanx336.krn-0 9,9,9,9,9,12,9,7,4,4,7,2,0,0,-3,-3
../2-4/shanx336.krn-1 9,9,9,9,9,12,9,7,4,4,4,4,4,4,9,9
../2-4/shanx336.krn-2 9,9,9,9,9,12,9,7,4,4,7,2,0,0,-3,-3
../2-4/shanx336.krn-3 2,2,2,7,4,2,0,0,-3,-3,-3,-3,-3,-3,-3,-3
../2-4/shanx338.krn-0 7,7,7,7,9,9,4,2,0,0,-3,0,2,2,2,2
../2-4/shanx338.krn-1 7,7,7,7,9,9,4,2,0,0,-3,0,2,2,2,2
../2-4/shanx338.krn-2 7,7,7,7,9,9,7,4,2,2,7,7,2,4,2,0
../2-4/shanx338.krn-3 -5,-5,0,0,2,0,-3,0,-5,-5,-5,-5,-5,-5,-5,-5
../2-4/shanx341.krn-0 7,7,7,7,12,12,9,7,5,5,9,9,7,7,7,7
../2-4/shanx341.krn-1 12,12,9,7,4,4,4,2,0,0,-3,-3,-5,-5,-5,-5
../2-4/shanx341.krn-2 7,7,7,7,9,9,7,7,0,0,0,4,2,2,2,2
../2-4/shanx341.krn-3 2,2,-3,-3,0,0,-3,-3,-5,-5,-5,-5,-5,-5,-5,-5
../2-4/shanx345.krn-0 14,14,14,14,12,14,16,19,14,14,14,14,12,12,9,9
../2-4/shanx345.krn-1 14,14,16,19,16,14,12,9,9,7,5,2,7,7,7,7
../2-4/shanx345.krn-2 14,14,7,9,14,14,14,12,9,12,9,7,5,5,5,7
../2-4/shanx345.krn-3 9,9,9,12,9,7,5,4,2,2,2,0,2,2,2,2
../2-4/shanx346.krn-0 2,2,2,2,7,7,9,9,7,7,5,4,2,2,2,4
../2-4/shanx346.krn-1 7,7,7,-1,2,2,4,2,0,0,-1,-3,-5,-5,-5,-5
../2-4/shanx346.krn-2 2,2,2,-3,-1,-1,4,4,2,2,-3,0,-5,-5,-5,-3
../2-4/shanx346.krn-3 0,0,0,-1,2,2,-3,0,-5,-5,-5,-5,-5,-5,-5,-5
../2-4/shanx347.krn-0 0,0,0,0,7,7,7,7,4,4,7,7,12,12,9,7
../2-4/shanx347.krn-1 4,4,7,12,9,9,7,4,2,2,2,4,2,2,2,2
../2-4/shanx347.krn-2 7,7,4,4,12,12,9,7,4,4,7,7,0,0,-3,-3
../2-4/shanx347.krn-3 4,4,4,7,2,0,0,-3,-5,-5,-5,0,-5,-5,-5,-5
../2-4/shanx349.krn-0 9,9,9,9,9,9,9,9,11,11,9,9,9,9,9,9
../2-4/shanx349.krn-1 4,4,4,7,9,9,9,9,7,7,7,7,7,7,7,7
../2-4/shanx349.krn-2 4,4,4,7,9,9,9,9,11,11,9,9,9,9,4,4
../2-4/shanx349.krn-3 7,7,7,4,2,2,4,4,2,2,2,2,2,2,2,2
../2-4/shanx349.krn-4 4,4,7,7,2,2,2,2,4,4,7,7,2,2,2,2
../2-4/shanx349.krn-5 7,7,4,4,7,7,9,9,0,0,0,0,0,0,0,0
../2-4/shanx349.krn-6 -3,-3,0,0,2,2,2,2,4,4,2,2,2,2,-3,-3
../2-4/shanx349.krn-7 0,0,-3,-3,-5,-5,-3,-3,-5,-5,-5,-5,-5,-5,-5,-5
../2-4/shanx349.krn-8 4,4,4,2,4,4,7,7,2,2,2,2,2,2,4,4
../2-4/shanx349.krn-9 7,7,7,4,7,7,9,9,0,0,0,0,0,0,0,0
../2-4/shanx349.krn-10 -3,-3,-3,0,2,2,2,2,4,4,2,2,2,2,-3,-3
../2-4/shanx349.krn-11 0,0,0,-3,-5,-5,-3,-3,-5,-5,-5,-5,-5,-5,-5,-5
../2-4/shanx355.krn-0 16,16,16,11,14,14,12,14,12,12,12,14,21,21,19,16
../2-4/shanx355.krn-1 14,14,19,11,9,9,7,4,2,2,2,2,2,2,2,2
../2-4/shanx355.krn-2 16,16,16,11,14,14,12,14,12,12,12,14,21,21,19,16
../2-4/shanx355.krn-3 14,14,19,11,9,9,7,4,7,7,7,7,7,7,7,7
../2-4/shanx356.krn-0 16,16,14,16,7,7,7,9,12,14,16,14,12,12,9,7
../2-4/shanx356.krn-1 16,16,7,7,9,7,7,4,14,14,14,14,14,14,14,14
../2-4/shanx356.krn-2 16,16,14,16,7,7,7,9,12,14,16,14,12,12,9,7
../2-4/shanx356.krn-3 16,16,7,7,9,7,7,4,7,7,7,7,7,7,7,7
../2-4/shanx358.krn-0 2,2,2,2,4,4,2,2,0,0,-1,-1,-3,-3,-5,-5
../2-4/shanx358.krn-1 2,2,2,2,7,7,2,2,0,0,-1,-1,-3,-3,-5,-5
../2-4/shanx358.krn-2 2,2,2,2,2,2,2,2,4,4,4,4,2,2,4,4
../2-4/shanx358.krn-3 0,0,0,0,-5,-5,-3,-3,0,0,0,0,0,0,0,0
../2-4/shanx358.krn-4 4,4,4,4,0,0,2,2,4,4,4,4,0,0,2,2
../2-4/shanx358.krn-5 4,4,4,4,0,0,2,2,4,4,2,4,-1,-1,-3,-3
../2-4/shanx358.krn-6 -5,-5,-8,-8,-5,-5,-3,-3,4,4,4,4,2,2,0,0
../2-4/shanx358.krn-7 0,0,-8,-8,-5,-5,-3,-3,-5,-5,-5,-5,-5,-5,-5,-5
../2-4/shanx358.krn-8 4,4,4,4,0,0,2,2,4,4,2,4,-1,-1,-3,-3
../2-4/shanx358.krn-9 -5,-5,-8,-8,-5,-5,-3,-3,4,4,4,4,2,2,0,0
../2-4/shanx358.krn-10 0,0,-8,-8,-5,-5,-3,-3,-5,-5,-5,-5,-5,-5,-5,-5
../2-4/shanx361.krn-0 2,2,-3,0,2,2,-3,0,2,2,-3,0,2,2,0,-3
../2-4/shanx361.krn-1 -5,-3,0,0,0,0,-3,-5,-3,-5,-7,-8,-10,-10,-10,-10
../2-4/shanx361.krn-2 2,2,2,0,-3,-3,-3,-5,-3,-3,-1,-1,-3,-3,0,0
../2-4/shanx361.krn-3 -5,-3,0,0,0,-3,-5,-5,-3,-5,-7,-8,-10,-10,-10,-10
../2-4/shanx363.krn-0 4,4,4,2,4,2,4,0,-3,-3,-3,-3,-3,-3,4,4
../2-4/shanx363.krn-1 2,4,2,0,-1,-1,-3,-8,-5,-5,-5,-5,-5,-5,-5,-5
../2-4/shanx363.krn-2 -3,-3,2,2,0,0,-1,-3,-5,-3,0,0,-8,-8,-8,4
../2-4/shanx363.krn-3 2,4,2,0,-1,-1,-3,-8,-5,-5,-5,-5,-5,-5,-5,-5
../2-4/shanx367.krn-0 2,2,2,2,2,2,-3,-3,2,2,2,2,2,2,2,2
../2-4/shanx367.krn-1 7,7,7,4,2,2,0,0,-5,-5,-5,-5,-5,-5,-5,-5
../2-4/shanx367.krn-2 2,2,2,2,-3,-3,-5,-5,2,2,2,2,-3,-3,-5,-5
../2-4/shanx367.krn-3 2,2,2,2,2,2,-3,-3,0,0,0,0,-3,-3,-5,-5
../2-4/shanx367.krn-4 -3,-3,4,4,2,2,-3,-3,-5,-5,-5,-5,-5,-5,-5,-5
../2-4/shanx372.krn-0 2,2,2,7,4,7,4,2,7,7,0,0,2,2,2,2
../2-4/shanx372.krn-1 7,7,0,0,-3,0,-3,-5,-3,-5,-7,-7,-5,-5,-5,-5
../2-4/shanx372.krn-2 -5,-5,-5,-3,-5,-5,-8,-8,-5,-5,-5,-5,0,0,0,2
../2-4/shanx372.krn-3 4,4,2,2,2,2,2,2,2,4,2,0,-3,-3,-5,-5
../2-4/shanx372.krn-4 -7,-7,-5,-5,0,0,-3,-3,-5,-3,-5,-7,-5,-5,-5,-5
../2-4/shanx373.krn-0 0,0,0,0,-1,-1,-3,-3,-5,-5,-5,-5,0,0,0,0
../2-4/shanx373.krn-1 0,0,2,2,4,4,2,2,0,0,0,0,0,0,0,0
../2-4/shanx373.krn-2 0,0,0,0,2,2,4,4,2,2,2,2,0,0,0,0
../2-4/shanx373.krn-3 2,2,0,0,-1,-1,-3,-3,-5,-5,-5,-5,0,0,0,0
../2-4/shanx373.krn-4 0,0,-5,-5,0,0,0,0,-1,-1,-3,-3,-5,-5,-5,-5
../2-4/shanx373.krn-5 0,0,-5,-5,0,0,2,2,-1,-1,-3,-3,-5,-5,-5,-5
../2-4/shanx373.krn-6 -5,-5,-5,-5,2,2,4,4,-5,-5,-5,-5,0,0,0,0
../2-4/shanx373.krn-7 2,2,2,2,2,2,4,4,-5,-5,-5,-5,0,0,0,0
../2-4/shanx373.krn-8 2,2,2,2,2,2,-3,-3,2,2,2,2,2,2,-3,-3
../2-4/shanx373.krn-9 -5,-5,-5,-5,-5,-5,-3,-3,-5,-5,-5,-5,0,0,0,0
../2-4/shanx382.krn-0 4,4,7,7,9,9,12,9,7,7,7,7,7,7,7,7
../2-4/shanx382.krn-1 4,4,7,7,9,9,12,9,7,7,7,7,7,7,7,7
../2-4/shanx382.krn-2 4,4,7,7,7,7,9,9,12,12,9,9,7,7,7,7
../2-4/shanx382.krn-3 7,7,2,2,7,7,4,2,0,0,0,0,0,0,0,0
../2-4/shanx382.krn-4 4,4,0,0,2,2,2,2,2,2,7,7,4,4,2,0
../2-4/shanx382.krn-5 2,2,-3,-3,-3,-3,-5,-5,-3,-3,-3,-3,-3,-3,-3,-3
../2-4/shanx382.krn-6 4,4,0,0,2,2,2,2,2,2,7,7,4,4,2,0
../2-4/shanx382.krn-7 2,2,-3,-3,-3,-3,-5,-5,-3,-3,-3,-3,-3,-3,-3,-3
../2-4/shanx385.krn-0 7,7,7,9,12,12,11,9,7,7,7,9,4,4,2,2
../2-4/shanx385.krn-1 7,7,7,9,12,12,11,9,7,7,7,9,4,4,2,2
../2-4/shanx385.krn-2 4,4,7,7,7,7,12,12,9,9,9,7,4,4,2,2
../2-4/shanx385.krn-3 4,7,2,2,4,7,4,-3,0,0,0,-3,0,0,0,0
../2-4/shanx385.krn-4 4,4,4,0,2,2,4,4,7,7,7,7,12,12,4,4
../2-4/shanx385.krn-5 2,2,4,4,2,4,2,0,2,0,-3,-3,-3,-3,0,0
../2-4/shanx385.krn-6 2,2,2,7,0,0,-3,-3,-5,-5,-5,-5,-5,-5,-5,-5
../2-4/shanx386.krn-0 7,7,7,9,12,12,12,12,11,11,9,9,7,7,4,4
../2-4/shanx386.krn-1 9,9,12,12,7,7,4,4,2,2,2,2,2,2,4,4
../2-4/shanx386.krn-2 7,7,7,9,12,12,12,12,11,11,9,9,7,7,4,4
../2-4/shanx386.krn-3 9,9,12,12,7,7,4,4,2,2,2,2,2,2,2,2
../2-4/shanx386.krn-4 2,2,2,4,7,7,7,7,4,4,4,12,9,9,7,7
../2-4/shanx386.krn-5 4,4,2,4,7,7,9,9,0,0,0,0,-1,-1,-3,-3
../2-4/shanx386.krn-6 -5,-5,-5,-5,7,7,7,7,4,4,2,2,0,0,0,0
../2-4/shanx386.krn-7 2,2,4,4,0,0,-3,-3,-5,-5,-5,-5,-5,-5,-5,-5
../2-4/shanx388.krn-0 12,12,12,12,14,11,9,7,4,7,4,-3,-5,-5,-5,-3
../2-4/shanx388.krn-1 12,12,12,12,14,11,9,7,4,7,4,-3,-5,-5,-5,-5
../2-4/shanx388.krn-2 12,12,4,7,9,9,12,12,12,12,4,7,9,7,4,2
../2-4/shanx388.krn-3 0,-3,0,2,7,7,7,2,0,0,0,0,0,0,0,0
../2-4/shanx391.krn-0 7,7,7,7,5,5,4,4,9,9,4,4,2,2,2,2
../2-4/shanx391.krn-1 7,7,2,2,4,4,7,7,7,7,0,0,-1,-1,-3,-3
../2-4/shanx391.krn-2 7,7,-1,-1,2,2,4,4,7,7,0,0,-1,-1,-3,-3
../2-4/shanx391.krn-3 -5,-5,-5,-3,2,2,0,0,-5,-5,-5,-5,-5,-5,-5,-5
../2-4/shanx394.krn-0 7,7,7,4,2,2,7,7,0,0,-1,-3,-5,-5,-5,-5
../2-4/shanx394.krn-1 7,7,7,4,2,2,4,7,2,2,2,2,2,2,2,2
../2-4/shanx394.krn-2 7,7,7,4,2,2,7,7,0,0,-1,-3,-5,-5,-5,-5
../2-4/shanx394.krn-3 0,0,-3,-3,2,4,0,-3,-5,-5,-5,-5,-5,-5,-5,-5
../2-4/shanx394.krn-4 -3,-3,0,0,0,0,0,0,2,2,2,2,-3,-3,2,2
../2-4/shanx394.krn-5 2,4,0,-3,-5,-5,-5,-5,2,4,2,0,-3,-3,0,0
../2-4/shanx394.krn-6 2,2,4,-3,-5,-5,-5,-5,2,2,4,4,7,7,7,7
../2-4/shanx394.krn-7 9,9,12,12,9,9,7,7,0,2,-3,-5,0,2,-3,-5
../2-4/shanx394.krn-8 0,0,2,2,-3,-3,-5,-5,4,4,2,2,-3,-3,-5,-5
../2-4/shanx394.krn-9 0,0,2,2,-3,-3,-5,-5,0,0,2,2,-3,-3,-5,-5
../2-4/shanx394.krn-10 7,7,7,7,7,7,7,7,0,0,2,2,7,7,7,7
../2-4/shanx394.krn-11 7,7,0,2,7,7,0,-3,-5,-5,-5,-5,-5,-5,-5,-5
../2-4/shanx395.krn-0 7,7,7,7,2,2,4,4,2,2,2,2,2,2,4,4
../2-4/shanx395.krn-1 7,7,-3,-3,7,7,2,2,0,0,0,0,-1,-1,-3,-3
../2-4/shanx395.krn-2 7,7,7,7,2,2,4,4,2,2,0,0,-1,-1,-3,-3
../2-4/shanx395.krn-3 2,2,4,4,2,2,-3,-3,-5,-5,-5,-5,-5,-5,-5,-5
../2-4/shanx395.krn-4 2,2,4,4,2,2,2,2,2,2,9,9,7,7,4,4
../2-4/shanx395.krn-5 7,7,2,4,2,2,-5,-5,0,0,0,0,0,0,0,0
../2-4/shanx395.krn-6 7,7,7,7,2,2,4,4,2,2,0,0,-1,-1,-3,-3
../2-4/shanx395.krn-7 2,2,0,0,-1,-1,-3,-3,-5,-5,-5,-5,-5,-5,-5,-5
../2-4/shanx395.krn-8 2,2,4,4,2,2,-5,-5,0,0,-1,-1,-3,-3,-5,-5
../2-4/shanx395.krn-9 7,7,7,7,2,2,4,4,2,2,0,0,-1,-1,-3,-3
../2-4/shanx395.krn-10 2,2,0,0,-1,-1,-3,-3,-5,-5,-5,-5,-5,-5,-5,-5
../2-4/shanx400.krn-0 4,4,-1,-1,-3,-3,-5,-5,4,4,-1,-1,-3,-3,-5,-5
../2-4/shanx400.krn-1 4,4,4,4,-5,-3,-1,2,-3,-3,-3,-3,-3,-3,-3,-3
../2-4/shanx400.krn-2 7,7,7,9,0,0,9,9,14,14,11,11,9,9,9,7
../2-4/shanx400.krn-3 4,4,4,2,4,4,7,7,9,9,9,9,9,9,9,9
../2-4/shanx400.krn-4 -3,-3,-1,-1,-3,-3,-5,-5,2,2,-1,-1,-3,-3,-5,-5
../2-4/shanx400.krn-5 4,4,4,4,-5,-3,-1,2,-3,-3,-3,-3,-3,-3,-3,-3
../2-4/shanx400.krn-6 2,2,2,2,4,4,4,7,2,2,2,2,4,4,9,7
../2-4/shanx400.krn-7 2,2,2,2,2,2,4,7,2,2,2,4,0,0,-1,-3
../2-4/shanx400.krn-8 -5,-5,-5,0,-3,-3,-5,-3,0,0,0,0,0,0,-1,-1
../2-4/shanx400.krn-9 -3,-3,-3,0,-5,-3,-1,2,-3,-3,-3,-3,-3,-3,-3,-3
../2-4/shanx400.krn-10 0,0,0,-3,-5,-3,-1,-1,-3,-3,-3,-3,-3,-3,-3,-3
../2-4/shanx400.krn-11 4,4,4,4,-5,-5,-1,-1,-3,0,0,-5,-3,-3,-3,-5
../2-4/shanx400.krn-12 -3,-3,-3,-3,12,12,12,12,7,7,11,11,9,12,7,7
../2-4/shanx400.krn-13 9,9,9,9,9,9,9,9,4,4,4,4,4,4,4,4
../2-4/shanx400.krn-14 12,12,12,4,12,12,11,9,7,7,9,9,0,0,0,0
../2-4/shanx400.krn-15 16,16,16,11,9,9,7,7,4,4,4,4,12,12,9,7
../2-4/shanx400.krn-16 2,2,2,2,11,11,9,7,2,2,2,2,7,7,7,4
../2-4/shanx400.krn-17 2,2,0,0,2,0,2,4,7,7,7,7,7,7,7,7
../2-4/shanx400.krn-18 4,4,4,7,4,7,4,2,0,0,-3,-3,-3,-3,-5,-5
../2-4/shanx400.krn-19 0,0,0,0,0,0,0,0,-3,-3,-1,-1,-3,-3,-5,-5
../2-4/shanx400.krn-20 0,0,-5,-5,-3,-3,-3,-3,7,9,0,0,9,9,7,7
../2-4/shanx400.krn-21 4,4,7,7,9,9,9,9,0,0,-1,-1,-3,-3,-5,-5
../2-4/shanx400.krn-22 -8,-8,-5,-5,-3,-3,-3,-3,2,2,4,4,2,2,4,4
../2-4/shanx400.krn-23 2,2,2,2,2,2,4,4,7,7,7,7,0,0,0,0
../2-4/shanx400.krn-24 -3,-3,-3,-5,-3,-3,-3,-3,12,12,12,12,9,9,9,9
../2-4/shanx400.krn-25 7,9,11,7,9,9,9,9,12,12,12,12,9,9,9,9
../2-4/shanx400.krn-26 16,16,16,16,0,0,0,0,12,12,12,14,11,11,9,9
../2-4/shanx400.krn-27 7,7,7,9,12,12,12,12,14,14,11,11,9,9,7,7
../2-4/shanx400.krn-28 4,4,4,4,7,9,5,4,2,2,2,2,7,7,5,4
../2-4/shanx400.krn-29 2,2,2,2,9,9,7,4,2,2,0,0,2,0,2,4
../2-4/shanx400.krn-30 7,7,7,9,7,9,7,7,9,9,9,7,4,4,2,4
../2-4/shanx400.krn-31 0,0,-1,-3,9,9,9,7,0,0,0,0,0,0,0,0
../2-4/shanx401.krn-0 16,16,16,16,16,16,16,16,14,14,14,14,14,14,14,14
../2-4/shanx401.krn-1 16,16,19,19,16,16,14,14,12,12,12,12,12,12,14,14
../2-4/shanx401.krn-2 16,16,16,16,16,16,16,16,14,14,16,16,14,14,12,12
../2-4/shanx401.krn-3 11,11,14,14,11,11,9,9,7,7,7,7,7,7,7,7
../2-4/shanx401.krn-4 7,7,7,7,7,7,9,9,12,12,12,12,12,12,16,16
../2-4/shanx401.krn-5 14,14,14,16,14,14,7,7,9,9,9,9,9,9,9,9
../2-4/shanx401.krn-6 14,14,12,12,14,14,14,14,16,16,19,19,11,11,9,9
../2-4/shanx401.krn-7 7,7,4,4,7,7,9,9,12,12,12,12,11,11,9,9
../2-4/shanx401.krn-8 7,7,9,9,0,0,4,4,2,2,2,2,2,2,2,2
../2-4/shanx402.krn-0 7,7,7,7,9,7,4,2,0,-1,-3,0,2,2,2,2
../2-4/shanx402.krn-1 7,7,7,7,9,7,4,2,0,-1,-3,0,2,2,2,2
../2-4/shanx402.krn-2 2,2,7,7,9,7,4,2,0,0,-5,-5,0,0,-1,-3
../2-4/shanx402.krn-3 -5,-5,-5,-3,-1,-1,2,-3,-5,-5,-5,-5,-5,-5,-5,-5
../2-4/shanx403.krn-0 7,9,7,7,4,2,0,-3,0,2,4,7,2,2,2,2
../2-4/shanx403.krn-1 7,9,7,7,4,2,0,-3,0,2,4,-3,-5,-5,-5,-5
../2-4/shanx404.krn-0 4,4,4,2,0,2,2,4,7,9,7,4,2,2,2,2
../2-4/shanx404.krn-1 4,4,4,2,0,2,2,4,2,0,-3,-3,-5,-5,-5,-5
../2-4/shanx405.krn-0 2,2,2,2,2,12,9,12,0,0,-3,-6,-5,-5,-5,-5
../2-4/shanx405.krn-1 -5,-5,7,7,6,7,12,9,2,2,2,2,2,2,2,2
../2-4/shanx405.krn-2 2,2,2,2,2,12,9,12,0,0,-3,-6,-5,-5,-5,-5
../2-4/shanx405.krn-3 -5,-5,7,7,6,7,12,-3,-5,-5,-5,-5,-5,-5,-5,-5
../2-4/shanx406.krn-0 9,9,9,9,9,9,4,2,0,0,-3,-3,7,7,7,4
../2-4/shanx406.krn-1 4,7,2,0,-3,-3,-3,2,-3,-3,-3,-3,-3,-3,-3,-3
../2-4/shanx406.krn-2 9,9,9,9,9,9,4,2,0,0,-3,-3,7,7,7,4
../2-4/shanx406.krn-3 4,7,2,0,-3,-3,-3,0,2,2,2,2,2,2,2,2
../2-4/shanx407.krn-0 9,9,9,9,9,19,16,19,9,9,9,7,4,4,4,7
../2-4/shanx407.krn-1 7,7,7,14,12,12,12,7,9,9,9,9,9,9,9,9
../2-4/shanx407.krn-2 9,9,9,9,9,19,16,19,9,9,9,7,4,4,4,7
../2-4/shanx407.krn-3 7,7,7,14,12,12,4,4,2,2,2,2,2,2,2,2
../2-4/shanx409.krn-0 7,7,6,6,7,7,7,7,9,9,9,9,9,9,19,19
../2-4/shanx409.krn-1 14,14,14,12,9,9,7,7,2,2,2,2,2,2,2,2
../2-4/shanx409.krn-2 7,7,6,6,7,7,7,7,9,9,9,9,9,9,19,19
../2-4/shanx409.krn-3 14,14,14,12,9,9,7,7,9,9,7,7,7,7,7,7
../2-4/shanx410.krn-0 16,16,16,14,16,16,19,19,9,9,12,12,12,12,9,7
../2-4/shanx410.krn-1 4,4,2,2,4,4,19,19,2,2,2,2,2,2,2,2
../2-4/shanx410.krn-2 16,16,16,14,16,16,19,19,9,9,12,12,12,12,9,7
../2-4/shanx410.krn-3 4,4,7,7,9,9,16,16,7,7,7,7,7,7,7,7
../2-4/shanx411.krn-0 14,14,14,14,14,14,14,14,14,14,19,19,12,12,9,9
../2-4/shanx411.krn-1 12,12,12,9,7,9,7,4,2,2,2,2,2,2,2,2
../2-4/shanx411.krn-2 7,7,7,9,12,12,12,12,12,12,7,7,12,12,9,9
../2-4/shanx411.krn-3 7,7,4,4,7,7,9,9,7,7,7,7,7,7,7,7
../2-4/shanx412.krn-0 9,9,7,7,12,12,12,12,16,16,7,7,7,7,4,4
../2-4/shanx412.krn-1 2,2,12,12,9,9,12,12,7,7,7,7,7,7,7,7
../2-4/shanx412.krn-2 9,9,7,7,12,12,12,12,16,16,7,7,7,7,4,4
../2-4/shanx412.krn-3 2,2,12,12,9,9,12,12,0,0,0,0,0,0,0,0
../2-4/shanx415.krn-0 7,7,7,12,7,7,4,2,0,0,0,-3,7,7,7,4
../2-4/shanx415.krn-1 2,2,-5,-5,0,0,4,7,2,2,2,2,2,2,2,2
../2-4/shanx415.krn-2 7,7,7,12,7,7,4,2,0,0,0,-3,7,7,7,4
../2-4/shanx415.krn-3 2,2,-5,-5,0,0,-1,-3,-5,-5,-5,-5,-5,-5,-5,-5
../2-4/shanx416.krn-0 9,9,9,9,7,7,7,7,9,9,14,14,12,12,9,9
../2-4/shanx416.krn-1 7,7,7,7,7,7,12,12,9,9,9,9,7,7,4,4
../2-4/shanx416.krn-2 2,2,2,2,0,0,0,0,2,2,2,12,5,5,4,4
../2-4/shanx416.krn-3 2,2,2,2,2,2,2,2,2,2,2,2,2,2,2,2
../2-4/shanx416.krn-4 9,9,9,9,7,7,7,7,9,9,14,14,12,12,9,9
../2-4/shanx416.krn-5 7,7,7,7,7,7,12,12,9,9,9,9,7,7,4,4
../2-4/shanx416.krn-6 2,2,2,2,0,0,0,0,2,2,2,9,7,7,4,4
../2-4/shanx416.krn-7 7,7,7,7,7,7,7,7,7,7,7,7,7,7,7,7
../2-4/shanx418.krn-0 19,19,19,16,19,19,19,19,16,16,12,12,12,12,19,19
../2-4/shanx418.krn-1 12,12,12,12,7,7,12,12,7,7,7,7,7,7,7,7
../2-4/shanx418.krn-2 19,19,19,16,19,19,19,19,16,16,12,12,12,12,19,19
../2-4/shanx418.krn-3 12,12,12,12,7,7,12,12,0,0,0,0,0,0,0,0
../2-4/shanx419.krn-0 14,14,14,19,14,14,14,14,14,12,9,7,2,2,2,2
../2-4/shanx419.krn-1 9,9,7,7,7,7,7,12,9,7,9,4,2,2,2,2
../2-4/shanx419.krn-2 14,14,14,19,14,14,14,14,14,12,9,7,2,2,2,2
../2-4/shanx419.krn-3 9,9,7,7,7,7,7,12,9,9,7,7,7,7,7,7
../2-4/shanx420.krn-0 7,7,7,9,12,12,12,12,14,14,12,12,9,9,7,7
../2-4/shanx420.krn-1 4,4,4,4,7,7,9,9,7,7,7,7,7,7,7,7
../2-4/shanx420.krn-2 7,7,7,9,12,12,12,12,14,14,12,12,9,9,7,7
../2-4/shanx420.krn-3 4,4,4,4,7,7,2,2,0,0,0,0,0,0,0,0
../2-4/shanx421.krn-0 9,9,9,9,12,12,9,9,7,7,4,4,4,4,4,4
../2-4/shanx421.krn-1 9,9,9,9,12,12,9,9,7,7,4,4,4,4,4,4
../2-4/shanx421.krn-2 9,9,9,9,12,12,9,9,7,7,4,4,4,4,2,2
../2-4/shanx421.krn-3 -3,-3,-3,4,2,2,0,0,2,2,-3,-3,-3,-3,-3,-3
../2-4/shanx422.krn-0 16,16,14,16,7,7,7,9,12,12,12,14,12,9,9,7
../2-4/shanx422.krn-1 16,16,7,7,9,7,4,4,14,14,14,14,14,14,14,14
../2-4/shanx422.krn-2 16,16,14,16,7,7,7,9,12,12,12,14,12,9,9,7
../2-4/shanx422.krn-3 16,16,7,7,9,7,4,4,7,7,7,7,7,7,7,7
../2-4/shanx423.krn-0 7,7,7,4,12,12,12,12,14,14,7,7,7,7,4,4
../2-4/shanx423.krn-1 9,9,0,0,7,9,12,14,7,7,7,7,7,7,7,7
../2-4/shanx423.krn-2 7,7,7,4,12,12,12,12,14,14,7,7,7,7,4,4
../2-4/shanx423.krn-3 9,9,0,0,7,9,12,12,0,0,0,0,0,0,0,0
../2-4/shanx424.krn-0 14,14,14,14,14,14,14,14,19,19,14,14,14,14,12,12
../2-4/shanx424.krn-1 9,9,9,9,12,12,4,4,2,2,2,2,2,2,2,2
../2-4/shanx424.krn-2 14,14,14,14,14,14,14,14,19,19,14,14,14,14,12,12
../2-4/shanx424.krn-3 9,9,9,9,12,12,9,9,7,7,7,7,7,7,7,7
../2-4/shanx425.krn-0 7,7,12,9,7,7,7,7,12,12,14,14,19,19,14,14
../2-4/shanx425.krn-1 7,7,9,9,7,7,7,4,2,2,2,2,2,2,2,2
../2-4/shanx425.krn-2 7,7,12,9,7,7,7,7,12,12,14,14,19,19,14,14
../2-4/shanx425.krn-3 19,19,9,9,7,7,7,4,7,7,7,7,7,7,7,7
../2-4/shanx426.krn-0 9,9,7,7,9,9,9,9,7,7,16,16,14,14,12,12
../2-4/shanx426.krn-1 4,4,4,7,2,2,0,0,-3,-3,-3,-3,-3,-3,-3,-3
../2-4/shanx426.krn-2 9,9,7,7,9,9,9,9,7,7,16,16,14,14,12,12
../2-4/shanx426.krn-3 4,4,4,7,2,2,0,0,2,2,2,2,2,2,2,2
../2-4/shanx427.krn-0 21,21,21,19,16,16,16,16,16,16,14,14,12,12,9,9
../2-4/shanx427.krn-1 14,14,14,14,14,14,12,12,4,4,4,4,4,4,4,4
../2-4/shanx427.krn-2 21,21,21,19,16,16,16,16,16,16,14,14,12,12,7,7
../2-4/shanx427.krn-3 7,7,14,14,12,12,12,12,9,9,9,9,9,9,9,9
../2-4/shanx428.krn-0 4,4,0,2,4,12,12,4,0,2,4,2,0,-3,-5,-5
../2-4/shanx428.krn-1 4,4,7,7,2,0,0,-3,2,2,2,2,2,2,2,2
../2-4/shanx428.krn-2 4,4,0,2,4,12,12,4,0,2,4,2,0,-3,-5,-5
../2-4/shanx428.krn-3 4,4,4,7,2,0,0,-3,-5,-5,-5,-5,-5,-5,-5,-5
../2-4/shanx429.krn-0 14,14,14,14,14,14,14,14,16,16,16,16,14,14,19,19
../2-4/shanx429.krn-1 12,12,9,9,7,7,4,4,2,2,2,2,2,2,2,2
../2-4/shanx429.krn-2 14,14,14,14,14,14,14,14,16,16,16,16,14,14,19,19
../2-4/shanx429.krn-3 12,12,9,9,7,7,9,9,7,7,7,7,7,7,7,7
../2-4/shanx430.krn-0 4,7,9,9,7,4,2,2,4,7,9,7,4,2,2,2
../2-4/shanx430.krn-1 4,7,9,9,7,4,4,7,4,7,0,-5,-3,-3,-3,-3
../2-4/shanx431.krn-0 12,12,14,14,14,14,7,7,6,6,7,7,2,2,2,2
../2-4/shanx431.krn-1 12,12,9,9,7,7,6,6,2,2,2,2,2,2,2,2
../2-4/shanx431.krn-2 12,12,14,14,14,14,7,7,6,6,7,7,2,2,2,2
../2-4/shanx431.krn-3 9,9,7,7,2,2,0,0,-5,-5,-5,-5,-5,-5,-5,-5
../2-4/shanx434.krn-0 4,4,7,7,9,9,9,9,12,12,12,14,9,9,7,7
../2-4/shanx434.krn-1 2,2,4,4,9,9,7,7,4,4,4,4,4,4,4,4
../2-4/shanx434.krn-2 4,4,7,7,9,9,9,9,12,12,12,14,9,9,7,7
../2-4/shanx434.krn-3 2,2,4,4,9,9,7,7,-3,-3,-3,-3,-3,-3,-3,-3
../2-4/shanx435.krn-0 9,9,12,16,7,4,2,0,9,9,12,16,14,14,14,14
../2-4/shanx435.krn-1 9,9,12,16,7,4,2,0,9,9,12,16,7,7,7,7
../2-4/shanx436.krn-0 14,14,9,9,14,14,14,14,9,9,14,14,9,9,7,7
../2-4/shanx436.krn-1 5,5,2,2,7,7,9,9,2,2,2,2,2,2,2,2
../2-4/shanx436.krn-2 14,14,9,9,14,14,14,14,9,9,14,14,9,9,7,7
../2-4/shanx436.krn-3 5,5,2,2,7,7,9,9,7,7,7,7,7,7,7,7
../2-4/shanx437.krn-0 7,7,7,12,7,7,7,7,4,4,-5,-5,-5,-5,0,0
../2-4/shanx437.krn-1 7,7,7,12,7,7,4,4,2,2,2,2,2,2,2,2
../2-4/shanx437.krn-2 7,7,7,12,7,7,7,7,4,4,-5,-5,-5,-5,0,0
../2-4/shanx437.krn-3 2,2,2,7,4,4,-3,-3,-5,-5,-5,-5,-5,-5,-5,-5
../2-4/shanx439.krn-0 2,2,1,2,-3,-3,-3,-3,2,2,1,2,-3,-3,-3,-3
../2-4/shanx439.krn-1 4,4,4,4,4,4,7,7,9,9,9,9,9,9,9,9
../2-4/shanx439.krn-2 4,4,4,16,4,4,4,4,1,1,2,2,0,0,2,2
../2-4/shanx439.krn-3 9,9,9,9,0,0,-1,-1,-3,-3,-3,-3,-3,-3,-3,-3
../2-4/shanx440.krn-0 7,7,9,9,14,14,9,7,4,7,2,0,9,9,9,9
../2-4/shanx440.krn-1 7,7,7,7,5,7,7,7,9,9,9,14,9,9,9,9
../2-4/shanx440.krn-2 9,9,9,9,9,9,9,9,7,7,9,9,14,14,9,7
../2-4/shanx440.krn-3 4,7,2,0,-3,-3,-3,-3,7,7,7,7,5,7,7,7
../2-4/shanx440.krn-4 9,9,9,14,-3,-3,-3,0,2,2,2,2,2,2,2,2
../2-4/shanx441.krn-0 9,9,14,14,14,14,12,9,7,7,2,2,0,0,-3,-3
../2-4/shanx441.krn-1 7,7,7,7,7,7,4,4,7,7,4,2,2,2,0,-3
../2-4/shanx441.krn-2 9,9,9,9,9,9,9,9,9,9,14,14,14,14,12,9
../2-4/shanx441.krn-3 7,7,2,2,0,0,-3,-3,7,7,7,7,7,7,4,4
../2-4/shanx441.krn-4 7,7,4,2,2,2,0,-3,2,2,2,2,2,2,2,2
../2-4/shanx443.krn-0 9,9,9,9,9,9,4,4,21,21,21,21,16,16,21,21
../2-4/shanx443.krn-1 9,9,9,9,7,7,4,4,2,2,0,0,0,0,2,2
../2-4/shanx443.krn-2 4,4,4,4,14,14,14,14,12,12,14,14,16,16,19,19
../2-4/shanx443.krn-3 9,9,9,9,9,9,4,4,9,9,9,9,9,9,9,9
../2-4/shanx443.krn-4 9,9,9,9,9,9,4,4,21,21,21,21,16,16,21,21
../2-4/shanx443.krn-5 9,9,9,9,7,7,4,4,2,2,0,0,0,0,2,2
../2-4/shanx443.krn-6 4,4,4,4,14,14,14,14,12,12,12,12,14,14,16,16
../2-4/shanx443.krn-7 9,9,9,9,9,9,9,9,9,9,9,9,9,9,9,9
../2-4/shanx444.krn-0 9,7,4,4,4,2,-3,-3,-3,9,7,4,9,9,9,9
../2-4/shanx444.krn-1 9,7,4,4,4,2,-3,-3,-3,9,4,0,2,2,2,2
../2-4/shanx447.krn-0 14,14,14,14,14,14,14,14,14,14,16,16,16,16,14,14
../2-4/shanx447.krn-1 12,12,12,12,9,9,4,4,2,2,2,2,2,2,2,2
../2-4/shanx447.krn-2 14,14,14,14,14,14,14,14,14,14,16,16,16,16,14,14
../2-4/shanx447.krn-3 12,12,12,12,14,14,14,14,14,14,12,12,9,9,9,9
../2-4/shanx448.krn-0 12,12,12,16,14,14,12,14,16,16,16,21,19,19,16,14
../2-4/shanx448.krn-1 12,12,12,7,9,9,7,4,2,2,2,2,2,2,2,2
../2-4/shanx448.krn-2 12,12,12,16,14,14,12,14,16,16,16,21,19,19,16,14
../2-4/shanx448.krn-3 12,12,12,7,9,9,7,4,7,7,7,7,7,7,7,7
../2-4/shanx449.krn-0 9,9,9,9,9,9,9,11,9,9,7,7,4,4,4,4
../2-4/shanx449.krn-1 4,4,7,7,9,9,12,11,9,9,9,9,9,9,9,9
../2-4/shanx449.krn-2 9,9,9,9,9,9,9,11,9,9,7,7,4,4,4,4
../2-4/shanx449.krn-3 4,4,7,7,9,9,7,7,4,4,2,2,2,2,2,2
../2-4/shanx452.krn-0 14,14,12,9,12,12,9,9,9,9,2,2,14,14,14,14
../2-4/shanx452.krn-1 14,12,12,9,12,12,9,9,9,9,2,2,7,7,7,7
../2-4/shanx455.krn-0 0,0,0,0,0,0,2,2,4,4,4,9,7,7,4,4
../2-4/shanx455.krn-1 2,2,2,2,2,2,2,2,7,7,7,7,4,4,2,2
../2-4/shanx455.krn-2 4,4,-3,-3,0,0,0,0,2,2,4,4,4,4,7,7
../2-4/shanx455.krn-3 2,2,4,4,2,2,0,0,-3,-3,-3,-3,-5,-5,-5,-5
../2-4/shanx455.krn-4 -3,0,0,0,2,2,4,4,-5,-5,-5,-5,-5,-5,-5,-5
../2-4/shanx457.krn-0 2,2,0,0,2,2,2,2,2,2,7,7,5,5,7,7
../2-4/shanx457.krn-1 2,2,2,2,0,0,2,2,7,7,4,2,0,0,-5,-5
../2-4/shanx457.krn-2 0,0,-5,-5,0,0,0,0,2,2,4,4,2,2,0,0
../2-4/shanx457.krn-3 -3,-3,-5,-3,0,0,-3,-3,-5,-5,-5,-5,-5,-5,-5,-5
../2-4/shanx458.krn-0 9,9,12,12,7,7,4,4,9,9,12,12,7,7,4,4
../2-4/shanx458.krn-1 9,9,9,9,9,9,9,9,7,7,7,7,7,7,9,9
../2-4/shanx458.krn-2 9,9,7,7,4,4,0,0,2,2,2,2,2,2,2,2
../2-4/shanx458.krn-3 4,4,7,7,9,9,12,12,4,4,2,2,0,0,-3,-3
../2-4/shanx458.krn-4 4,4,4,7,2,2,0,0,-3,-3,-3,-3,-3,-3,-3,-3
../2-4/shanx460.krn-0 4,4,4,4,4,12,9,12,4,7,4,2,0,-1,-3,-5
../2-4/shanx460.krn-1 0,0,0,2,4,4,4,7,9,12,9,4,2,2,2,2
../2-4/shanx464.krn-0 0,0,0,0,0,0,4,4,2,2,4,4,-3,-3,-5,-5
../2-4/shanx464.krn-1 7,7,7,7,7,7,12,12,9,9,7,7,4,4,2,2
../2-4/shanx464.krn-2 7,7,12,12,12,12,9,9,7,7,9,9,7,7,2,2
../2-4/shanx464.krn-3 0,0,0,0,0,0,-3,-5,0,0,0,0,0,0,0,0
../2-4/shanx464.krn-4 2,2,4,4,2,2,2,2,7,7,7,7,12,12,9,9
../2-4/shanx464.krn-5 7,7,7,5,7,7,7,7,2,2,0,0,-3,-3,-5,-5
../2-4/shanx464.krn-6 5,5,9,9,7,7,2,2,5,5,2,2,0,0,-3,-3
../2-4/shanx464.krn-7 0,0,-5,-5,-5,-5,-3,0,-5,-5,-5,-5,-5,-5,-5,-5
../2-4/shanx483.krn-0 2,2,7,7,7,7,5,2,0,0,2,2,2,2,2,2
../2-4/shanx483.krn-1 7,7,9,9,7,7,5,2,0,0,0,-3,-5,-3,-5,-5
../2-4/shanx483.krn-2 0,0,0,0,0,0,2,2,7,7,2,2,2,2,-5,-5
../2-4/shanx483.krn-3 0,0,2,2,-5,-5,-5,-7,-10,-10,-10,-10,-10,-10,-10,-10
../2-4/shanx485.krn-0 7,7,7,7,9,9,5,2,7,7,9,9,7,7,7,7
../2-4/shanx485.krn-1 7,7,2,2,0,0,0,0,2,2,7,7,7,7,7,7
../2-4/shanx485.krn-2 2,0,-1,-1,0,0,0,0,2,2,0,-3,-5,-5,-5,-5
../2-4/shanx486.krn-0 7,4,7,7,7,12,4,2,7,7,12,4,2,0,-3,-5
../2-4/shanx486.krn-1 2,2,4,2,0,0,2,2,12,12,9,5,7,7,7,7
../2-4/shanx487.krn-0 9,9,7,9,4,4,2,4,7,7,7,7,7,7,7,7
../2-4/shanx487.krn-1 9,9,7,9,4,4,2,4,-3,-3,-3,-3,-3,-3,-3,-3
../2-4/shanx487.krn-2 0,-3,0,2,4,4,4,7,2,2,2,2,2,2,2,2
../2-4/shanx487.krn-3 4,4,4,-3,0,0,0,-3,-5,-5,-5,-5,-5,-5,-5,-5
../2-4/shanx493.krn-0 2,2,2,4,9,9,7,9,12,12,12,12,12,12,14,14
../2-4/shanx493.krn-1 9,9,9,9,9,9,5,5,2,2,2,2,2,2,4,4
../2-4/shanx493.krn-2 2,2,2,2,2,2,2,2,2,2,2,4,9,9,7,9
../2-4/shanx493.krn-3 12,12,12,12,12,12,14,14,9,9,9,9,9,9,5,5
../2-4/shanx493.krn-4 2,2,2,2,2,2,4,4,7,7,7,7,7,7,7,7
../2-4/shanx494.krn-0 4,4,4,2,7,7,7,7,5,5,5,4,2,2,2,2
../2-4/shanx494.krn-1 4,4,4,2,7,7,7,7,5,5,5,4,2,2,2,2
../2-4/shanx494.krn-2 7,7,9,9,7,7,0,0,2,2,0,0,-1,-1,-3,-3
../2-4/shanx494.krn-3 -5,-5,-5,-5,-3,-3,0,0,-5,-5,-5,-5,-5,-5,-5,-5
../2-4/shanx494.krn-4 0,0,0,0,-1,-1,-3,-3,-5,-5,-5,-5,-5,-5,-5,-5
../2-4/shanx494.krn-5 4,4,4,2,7,7,7,7,5,5,5,4,2,2,2,2
../2-4/shanx494.krn-6 7,7,9,9,7,7,0,0,2,2,0,0,-1,-1,-3,-3
../2-4/shanx494.krn-7 -5,-5,-5,-5,-3,-3,0,0,-5,-5,-5,-5,-5,-5,-5,-5
../2-4/shanx495.krn-0 7,7,9,7,9,7,4,2,2,0,2,4,7,9,7,2
../2-4/shanx495.krn-1 2,7,7,0,2,0,-1,-3,-3,-5,0,-5,-5,-5,-5,-5
../2-4/shanx495.krn-2 0,0,2,4,0,0,-1,-3,-5,-5,7,7,5,5,4,2
../2-4/shanx495.krn-3 7,9,7,0,2,0,-1,-3,-5,-5,-3,0,-5,-5,-5,-5
../2-4/shanx499.krn-0 0,0,0,-3,-5,-5,-5,-5,0,0,0,4,2,2,2,2
../2-4/shanx499.krn-1 7,7,7,4,2,2,0,0,-3,-5,-3,0,-5,-5,-5,-5
../2-4/shanx499.krn-2 0,0,0,-3,-5,-5,-5,-5,0,0,0,4,2,2,2,2
../2-4/shanx499.krn-3 7,7,0,0,2,4,2,0,-5,-5,-5,-3,-5,-5,-5,-5
../2-4/shanx505.krn-0 4,4,4,9,7,7,4,4,7,7,2,2,2,2,4,4
../2-4/shanx505.krn-1 7,7,7,5,4,4,2,2,7,7,2,2,2,2,2,2
../2-4/shanx505.krn-2 4,4,4,9,7,7,4,4,2,2,2,2,7,7,2,2
../2-4/shanx505.krn-3 0,0,-1,-1,2,2,4,-1,-3,-3,-3,-3,-3,-3,-3,-3
../2-4/shanx505.krn-4 2,2,4,2,-3,-3,-3,-3,2,2,4,4,-3,-3,-3,-3
../2-4/shanx505.krn-5 7,7,7,5,4,4,2,2,7,7,0,0,2,2,-3,-3
../2-4/shanx505.krn-6 -5,-5,-5,-5,-5,-5,-5,-5,7,7,2,2,2,2,7,7
../2-4/shanx505.krn-7 4,4,2,2,0,0,-1,-3,2,2,-5,-5,-5,-5,-3,-5
../2-4/shanx505.krn-8 -7,-7,-3,-3,-3,-3,-8,-8,-10,-10,-10,-10,-10,-10,-10,-10
../2-4/shanx505.krn-9 7,7,2,2,2,2,7,7,4,4,2,2,-1,-1,-3,-3
../2-4/shanx505.krn-10 2,2,2,2,2,2,2,2,-5,-5,-5,-5,-5,-5,-3,-5
../2-4/shanx505.krn-11 -7,-7,-3,-3,-3,-3,-8,-8,-10,-10,-10,-10,-10,-10,-10,-10
../2-4/shanx509.krn-0 2,2,0,-3,-5,-5,4,9,7,7,7,7,7,7,9,9
../2-4/shanx509.krn-1 12,12,12,9,7,9,4,2,0,0,0,0,0,0,-3,-3
../2-4/shanx509.krn-2 2,4,7,7,7,7,12,12,7,9,4,2,0,0,-3,-3
../2-4/shanx509.krn-3 4,2,4,4,2,2,0,-3,-5,-5,-5,-5,-5,-5,-5,-5
../2-4/shanx514.krn-0 0,0,0,0,9,9,9,9,7,7,7,7,7,7,4,4
../2-4/shanx514.krn-1 9,9,9,9,7,7,9,9,7,7,7,7,7,7,7,7
../2-4/shanx514.krn-2 0,0,0,0,9,9,9,9,7,7,7,7,7,7,4,4
../2-4/shanx514.krn-3 7,7,2,2,2,2,2,2,0,0,0,0,5,5,5,5
../2-4/shanx514.krn-4 7,7,7,7,7,7,9,9,7,7,7,7,7,7,4,4
../2-4/shanx514.krn-5 2,2,2,2,2,2,2,2,0,0,0,0,5,5,5,5
../2-4/shanx514.krn-6 7,7,7,7,7,7,2,0,2,2,-5,-5,-5,-5,-5,-5
../2-4/shanx519.krn-0 0,0,0,0,-1,-1,-3,-5,-1,-1,-1,-3,-5,-5,-5,-5
../2-4/shanx519.krn-1 9,12,4,4,7,9,4,2,0,0,0,0,-3,-3,-3,-3
../2-4/shanx519.krn-2 9,12,9,4,7,6,4,4,2,2,4,2,0,0,0,0
../2-4/shanx519.krn-3 5,5,-3,-3,0,0,-1,-3,-5,-5,-5,-5,-5,-5,-5,-5
../2-4/shanx519.krn-4 9,12,9,4,7,7,6,4,2,2,4,2,0,0,0,0
../2-4/shanx519.krn-5 5,5,-3,-3,0,0,-13,-3,-5,-5,-5,-5,-5,-5,-5,-5
../2-4/shanx524.krn-0 7,7,4,7,9,7,2,2,7,9,7,4,2,0,-5,-5
../2-4/shanx524.krn-1 0,2,4,7,2,4,-5,-5,0,0,2,-3,-5,-5,-5,-5
../2-4/shanx525.krn-0 4,4,4,4,9,9,7,7,4,4,4,4,2,2,0,0
../2-4/shanx525.krn-1 4,4,4,4,9,9,7,7,4,4,4,4,2,2,-3,-3
../2-4/shanx525.krn-2 0,0,0,0,0,0,0,0,7,7,7,12,9,9,7,7
../2-4/shanx525.krn-3 4,4,4,7,2,2,-3,-3,0,0,0,0,0,0,0,0
../2-4/shanx525.krn-4 0,0,0,0,-3,-3,-5,-5,7,7,7,7,4,4,2,2
../2-4/shanx525.krn-5 0,0,2,2,7,7,4,4,2,2,2,2,2,2,2,2
../2-4/shanx525.krn-6 7,7,7,7,4,4,7,7,-1,-1,-3,-3,-5,-5,-5,-5
../2-4/shanx525.krn-7 7,7,2,4,2,0,-1,-3,-5,-5,-5,-5,-5,-5,-5,-5
../2-4/shanx525.krn-8 4,4,4,12,9,9,7,7,4,4,4,4,4,4,4,4
../2-4/shanx525.krn-9 7,7,7,7,4,4,7,7,-1,-1,-3,-3,-5,-5,-5,-5
../2-4/shanx525.krn-10 7,7,2,4,2,0,-1,-3,-5,-5,-5,-5,-5,-5,-5,-5
../2-4/shanx528.krn-0 9,9,9,9,9,9,16,16,14,14,14,14,12,12,12,12
../2-4/shanx528.krn-1 12,12,9,9,7,7,7,7,7,7,7,7,14,14,9,9
../2-4/shanx528.krn-2 7,7,5,5,2,2,2,2,2,2,2,5,2,2,5,5
../2-4/shanx528.krn-3 5,5,2,2,7,7,7,7,7,7,9,9,14,14,14,14
../2-4/shanx528.krn-4 9,9,9,9,7,7,5,5,2,2,2,2,2,2,2,2
../2-4/shanx531.krn-0 2,2,2,2,2,2,7,7,5,5,5,5,5,5,2,2
../2-4/shanx531.krn-1 2,2,2,2,2,2,7,7,5,5,5,5,5,5,5,5
../2-4/shanx531.krn-2 2,2,2,2,2,2,7,7,14,14,14,14,11,11,9,9
../2-4/shanx531.krn-3 7,7,7,7,9,9,4,4,2,2,2,2,2,2,2,2
../2-4/shanx531.krn-4 2,2,2,2,-3,-3,-3,-3,2,2,7,7,7,7,4,4
../2-4/shanx531.krn-5 2,2,2,2,0,0,-3,-3,2,2,0,-3,-5,-5,-5,-5
../2-4/shanx531.krn-6 2,2,-3,-3,2,2,2,2,0,0,-3,-3,-5,-5,-5,-5
../2-4/shanx531.krn-7 2,2,2,2,0,0,-3,-3,-5,-5,-5,-5,-5,-5,-5,-5
../2-4/shanx532.krn-0 7,7,9,9,2,2,2,2,7,7,9,9,2,2,2,2
../2-4/shanx532.krn-1 7,7,4,7,9,9,12,12,2,2,0,0,-3,-3,-3,-3
../2-4/shanx532.krn-2 2,2,2,4,7,7,7,7,-3,-3,-5,-5,-7,-7,-7,-7
../2-4/shanx532.krn-3 -3,-3,-7,-7,-3,-5,-7,-3,-5,-5,-5,-5,-5,-5,-5,-5
../2-4/shanx534.krn-0 12,12,12,9,7,7,7,7,9,9,4,4,2,2,2,2
../2-4/shanx534.krn-1 12,12,12,9,7,7,4,4,2,4,2,0,-3,-3,-3,-3
../2-4/shanx534.krn-2 9,9,9,9,11,11,9,9,2,2,4,2,-3,-3,-3,-3
../2-4/shanx534.krn-3 2,2,2,4,7,7,-1,-1,-3,-3,-5,-5,-3,-3,-3,-3
../2-4/shanx537.krn-0 7,7,7,7,7,7,12,12,9,9,7,7,4,4,2,2
../2-4/shanx537.krn-1 9,9,7,7,7,7,4,2,0,0,0,0,0,0,0,0
../2-4/shanx537.krn-2 -3,-3,7,7,7,7,4,2,7,7,2,0,-5,-5,-5,-5
../2-4/shanx537.krn-3 7,7,2,2,2,2,0,-3,-5,-5,-5,-5,-5,-5,-5,-5
../2-4/shanx539.krn-0 4,4,7,7,-3,-3,-3,-3,4,4,7,7,9,9,9,9
../2-4/shanx539.krn-1 4,4,4,2,2,2,4,4,9,9,9,9,9,9,9,9
../2-4/shanx539.krn-2 4,4,7,7,-3,-3,-3,-3,4,4,7,7,9,9,9,9
../2-4/shanx539.krn-3 4,4,7,7,9,9,4,4,2,2,2,2,2,2,2,2
../2-4/shanx542.krn-0 12,12,12,9,7,7,9,9,12,12,12,12,12,12,12,12
../2-4/shanx542.krn-1 12,12,12,14,16,16,16,16,19,19,19,19,19,19,19,19
../2-4/shanx542.krn-2 12,12,4,4,14,14,14,16,16,16,7,9,12,12,12,12
../2-4/shanx542.krn-3 12,12,16,16,14,14,14,9,7,7,7,7,7,7,7,7
../2-4/shanx548.krn-0 7,7,7,12,7,7,7,4,2,2,2,7,2,2,2,2
../2-4/shanx548.krn-1 0,2,2,7,0,-1,-1,-3,-5,0,0,2,-5,-5,-5,-5
../2-4/shanx552.krn-0 14,14,14,14,14,16,12,12,14,14,14,14,14,16,12,12
../2-4/shanx552.krn-1 12,9,7,4,9,9,12,9,7,7,7,4,2,2,2,2
../2-4/shanx553.krn-0 7,7,9,9,12,12,9,9,7,7,7,7,7,7,12,12
../2-4/shanx553.krn-1 4,4,4,4,4,4,2,2,0,0,0,0,0,0,0,0
../2-4/shanx553.krn-2 7,7,7,7,7,7,7,7,9,9,9,9,7,7,7,7
../2-4/shanx553.krn-3 0,0,2,2,4,4,2,4,7,7,7,7,7,7,4,4
../2-4/shanx553.krn-4 0,0,-3,-3,-5,-5,-5,-5,7,7,7,7,4,4,4,4
../2-4/shanx553.krn-5 2,2,0,0,-3,-3,0,0,-5,-5,-5,-5,-5,-5,-5,-5
../2-4/shanx553.krn-6 0,0,2,2,4,4,2,4,7,7,4,4,2,2,0,0
../2-4/shanx553.krn-7 0,0,-3,-3,-5,-5,-5,-5,7,7,7,7,4,4,4,4
../2-4/shanx553.krn-8 2,2,0,0,-3,-3,0,0,-5,-5,-5,-5,-5,-5,-5,-5
../2-4/shanx556.krn-0 7,7,7,7,-1,-1,-1,-1,12,12,9,9,12,12,12,12
../2-4/shanx556.krn-1 9,9,7,7,4,4,7,7,2,2,2,2,2,2,4,4
../2-4/shanx556.krn-2 2,4,2,0,-3,-3,0,0,2,2,2,2,2,2,2,2
../2-4/shanx556.krn-3 12,12,12,12,12,12,9,9,7,7,7,7,-5,-5,-5,-5
../2-4/shanx556.krn-4 2,2,2,2,2,2,0,-3,-5,-5,-5,-5,-5,-5,-5,-5
../2-4/shanx558.krn-0 0,0,2,4,0,0,-1,-3,7,7,9,12,7,7,7,7
../2-4/shanx558.krn-1 7,7,9,9,12,12,7,4,7,7,2,4,2,2,2,2
../2-4/shanx558.krn-2 7,7,2,4,7,-1,-1,-1,-3,0,2,4,0,0,0,0
../2-4/shanx558.krn-3 0,0,2,4,4,4,0,-3,-5,-5,-3,0,-5,-5,-5,-5
../2-4/shanx559.krn-0 7,7,5,5,7,7,7,9,2,2,2,2,-5,-5,-5,-5
../2-4/shanx559.krn-1 7,7,5,5,7,7,7,9,-5,-5,-5,-5,-5,-5,-5,-5
../2-4/shanx559.krn-2 9,9,5,5,7,7,7,7,2,2,2,2,-5,-5,-5,-5
../2-4/shanx559.krn-3 7,7,7,5,2,2,7,7,0,0,0,0,0,0,0,0
../2-4/shanx560.krn-0 9,9,4,7,9,9,9,9,14,14,9,12,7,5,2,2
../2-4/shanx560.krn-1 14,17,14,12,10,10,10,12,9,7,5,9,7,7,7,7
../2-4/shanx563.krn-0 2,2,4,4,2,4,2,0,2,4,-3,-3,-3,-3,-3,-3
../2-4/shanx563.krn-1 2,2,2,2,-8,-8,-8,-5,-3,-3,-3,2,-3,-3,-3,-3
../2-4/shanx563.krn-2 -3,-3,2,2,2,4,2,-3,0,0,-3,-5,-7,-7,-7,-5
../2-4/shanx563.krn-3 -3,-3,-3,-3,0,0,0,-7,-10,-10,-10,-10,-10,-10,-10,-10
../2-4/shanx564.krn-0 7,7,7,7,5,5,4,4,2,2,2,2,2,2,2,2
../2-4/shanx564.krn-1 0,0,0,0,-3,-3,0,0,2,2,2,2,2,2,2,2
../2-4/shanx564.krn-2 4,4,7,7,9,9,9,9,12,12,7,7,7,7,4,4
../2-4/shanx564.krn-3 2,2,2,2,-3,-3,0,0,2,2,2,2,0,0,0,0
../2-4/shanx564.krn-4 -3,-3,0,0,2,2,2,2,2,2,4,4,-3,-3,-5,-5
../2-4/shanx564.krn-5 7,7,4,4,7,7,9,9,0,0,0,0,0,0,0,0
../2-4/shanx564.krn-6 -3,-3,0,0,2,2,2,2,4,4,-5,-5,-5,-5,-8,-8
../2-4/shanx564.krn-7 -5,-5,-8,-8,-5,-5,-3,-3,-5,-5,-5,-5,-5,-5,-5,-5
../2-4/shanx564.krn-8 7,7,7,4,7,7,9,9,0,0,0,0,0,0,0,0
../2-4/shanx564.krn-9 -3,-3,0,0,2,2,2,2,4,4,-5,-5,-5,-5,-8,-8
../2-4/shanx564.krn-10 -5,-5,-8,-8,-5,-5,-3,-3,-5,-5,-5,-5,-5,-5,-5,-5
../2-4/shanx565.krn-0 16,16,16,19,12,12,14,16,14,12,9,7,4,4,4,4
../2-4/shanx565.krn-1 16,16,16,19,12,12,14,16,14,12,9,9,7,7,7,7
../2-4/shanx567.krn-0 4,4,7,7,9,9,7,9,12,12,9,9,7,7,7,7
../2-4/shanx567.krn-1 4,4,4,7,9,9,12,12,7,7,7,7,0,0,0,0
../2-4/shanx567.krn-2 4,4,7,7,9,9,7,9,12,12,9,9,7,7,7,7
../2-4/shanx567.krn-3 7,7,7,4,2,2,7,7,0,0,0,4,-5,-5,-5,-5
../2-4/shanx567.krn-4 7,7,7,4,2,2,7,7,0,0,0,4,-5,-5,-5,-5
../2-4/shanx567.krn-5 5,5,2,2,2,2,-3,-3,-5,-5,-5,-5,-5,-5,-5,-5
../2-4/shanx567.krn-6 7,7,4,4,2,2,7,7,0,0,0,0,0,0,0,0
../2-4/shanx567.krn-7 7,7,4,4,2,2,4,4,7,7,4,4,7,7,7,7
../2-4/shanx567.krn-8 5,5,2,2,2,2,-3,-3,-5,-5,-5,-5,-5,-5,-5,-5
../2-4/shanx569.krn-0 7,7,7,4,2,2,2,4,0,0,-3,-3,2,2,2,2
../2-4/shanx569.krn-1 7,7,4,2,7,7,4,2,0,0,0,-3,2,2,2,2
../2-4/shanx569.krn-2 7,7,7,7,7,7,7,7,-3,-3,2,2,2,0,-1,-3
../2-4/shanx569.krn-3 -5,-5,-5,-5,2,2,-1,-3,-5,-5,-5,-5,-5,-5,-5,-5
../2-4/shanx571.krn-0 7,7,7,9,7,7,5,2,7,7,7,12,7,7,7,7
../2-4/shanx571.krn-1 7,7,2,4,0,0,-1,-3,-5,-5,-3,0,-5,-5,-5,-5
../2-4/shanx572.krn-0 7,7,7,7,7,7,12,12,9,9,9,9,9,9,7,7
../2-4/shanx572.krn-1 7,7,7,4,2,2,4,4,0,0,0,0,0,0,0,0
../2-4/shanx572.krn-2 7,7,-3,-3,-3,-3,0,0,4,4,2,2,2,2,2,2
../2-4/shanx572.krn-3 0,0,-1,-1,-1,-1,-3,-3,-5,-5,-5,-5,-5,-5,-5,-5
../2-4/shanx575.krn-0 0,0,2,2,0,0,2,2,4,4,2,2,0,0,0,0
../2-4/shanx575.krn-1 0,0,4,4,2,2,4,4,-1,-1,-3,-3,-5,-5,-5,-5
../2-4/shanx575.krn-2 -5,-5,-8,-8,-5,-5,-3,-3,0,0,-3,-3,0,0,0,0
../2-4/shanx575.krn-3 -8,-8,-10,-10,-8,-8,-8,-8,-5,-5,0,0,-3,-3,0,0
../2-4/shanx575.krn-4 -5,-5,-10,-10,-8,-8,-5,-5,-8,-8,-10,-10,-12,-12,-12,-12
../2-4/shanx576.krn-0 6,6,6,4,7,7,9,9,7,7,7,7,7,7,7,7
../2-4/shanx576.krn-1 6,6,4,4,7,7,9,9,-5,-5,-5,-5,-5,-5,-5,-5
../2-4/shanx576.krn-2 6,6,4,4,7,7,9,9,2,2,2,2,7,7,0,0
../2-4/shanx576.krn-3 -1,-1,-1,-1,2,2,-3,-3,-5,-5,-5,-5,-5,-5,-5,-5
../2-4/shanx576.krn-4 0,0,0,0,2,2,0,0,-1,-1,-3,-3,-5,-5,-5,-5
../2-4/shanx576.krn-5 6,6,4,4,7,7,9,9,7,7,7,7,7,7,7,7
../2-4/shanx576.krn-6 6,6,6,4,7,7,9,9,2,2,2,2,7,7,0,0
../2-4/shanx576.krn-7 -1,-1,-1,-1,2,2,-3,-3,-5,-5,-5,-5,-5,-5,-5,-5
../2-4/shanx578.krn-0 4,4,7,7,9,9,9,9,12,12,12,12,9,9,7,7
../2-4/shanx578.krn-1 9,9,7,7,4,4,9,9,7,7,7,7,7,7,7,7
../2-4/shanx578.krn-2 4,4,7,7,9,9,9,9,12,12,7,7,7,7,4,4
../2-4/shanx578.krn-3 7,7,7,7,4,4,7,7,2,2,2,2,2,2,2,2
../2-4/shanx578.krn-4 7,7,7,7,2,2,2,2,7,7,2,2,2,2,4,4
../2-4/shanx578.krn-5 7,7,5,5,7,7,9,9,0,0,0,0,0,0,0,0
../2-4/shanx578.krn-6 -3,-3,0,0,2,2,2,2,7,7,0,0,0,0,-3,-3
../2-4/shanx578.krn-7 -5,-5,-5,-5,-3,-3,0,0,-5,-5,-5,-5,-5,-5,-5,-5
../2-4/shanx578.krn-8 2,2,2,2,2,2,4,4,2,2,2,2,2,2,2,2
../2-4/shanx578.krn-9 7,7,7,5,7,7,9,9,0,0,0,0,0,0,0,0
../2-4/shanx578.krn-10 -3,-3,0,0,2,2,2,2,7,7,0,0,0,0,-3,-3
../2-4/shanx578.krn-11 -5,-5,-5,-5,-3,-3,0,0,-5,-5,-5,-5,-5,-5,-5,-5
../2-4/shanx580.krn-0 9,9,7,7,4,4,4,4,9,9,7,7,4,4,4,4
../2-4/shanx580.krn-1 12,12,9,7,9,9,7,7,0,0,0,2,4,4,4,4
../2-4/shanx580.krn-2 12,12,9,7,9,9,7,7,4,4,7,7,0,0,-3,-3
../2-4/shanx580.krn-3 -3,-3,2,2,-1,-1,-3,-3,-5,-5,-5,-5,-5,-5,-5,-5
../2-4/shanx580.krn-4 0,0,-3,-3,0,0,0,0,7,7,-5,-3,0,0,0,0
../2-4/shanx580.krn-5 0,0,-3,-3,0,0,0,0,-5,-5,-5,-3,0,0,0,0
../2-4/shanx580.krn-6 0,0,-3,-3,0,0,-3,-3,7,7,9,9,7,7,7,7
../2-4/shanx580.krn-7 2,2,2,2,7,7,-3,-3,-5,-5,-5,-5,-5,-5,-5,-5
../2-4/shanx581.krn-0 0,0,4,4,2,2,2,2,0,0,4,4,2,2,2,2
../2-4/shanx581.krn-1 0,0,2,2,4,4,4,4,0,0,-8,-8,-5,-5,-5,-5
../2-4/shanx581.krn-2 7,7,7,7,9,9,9,9,2,2,2,4,0,0,0,0
../2-4/shanx581.krn-3 -3,-3,-5,-3,-3,-3,-8,-10,-12,-12,-12,-12,-12,-12,-12,-12
../2-4/shanx582.krn-0 0,0,0,0,0,0,0,0,9,9,12,12,9,9,7,7
../2-4/shanx582.krn-1 9,9,12,12,7,7,4,4,2,2,0,0,2,2,0,0
../2-4/shanx582.krn-2 12,12,9,9,7,7,7,7,-5,-5,-3,-3,0,0,0,0
../2-4/shanx582.krn-3 2,2,2,4,0,0,-3,-3,-5,-5,-5,-5,-5,-5,-5,-5
../2-4/shanx583.krn-0 4,4,4,7,4,4,4,4,2,2,2,2,2,2,2,2
../2-4/shanx583.krn-1 4,4,4,7,4,4,2,2,0,0,0,0,0,0,0,0
../2-4/shanx583.krn-2 4,4,4,7,4,4,4,4,2,2,2,2,2,2,4,4
../2-4/shanx583.krn-3 -5,-5,-5,-5,-5,-5,-3,-3,0,0,0,0,-1,-1,-3,-3
../2-4/shanx583.krn-4 -5,-5,-3,-3,-5,-5,-8,-8,-10,-10,-10,-10,-10,-10,-10,-10
../2-4/shanx584.krn-0 9,12,9,7,5,5,4,2,7,9,7,0,2,2,2,2
../2-4/shanx584.krn-1 9,12,9,7,5,5,4,7,2,4,2,0,-1,-1,-3,-3
../2-4/shanx584.krn-2 0,0,0,2,7,7,7,7,2,4,2,0,-1,-1,-3,-3
../2-4/shanx584.krn-3 9,12,9,7,5,5,5,7,9,7,5,4,7,7,7,7
../2-4/shanx586.krn-0 9,9,9,9,9,9,7,7,12,12,9,9,7,7,7,7
../2-4/shanx586.krn-1 7,7,12,12,9,9,7,7,7,7,4,4,4,4,2,2
../2-4/shanx586.krn-2 4,4,4,4,0,0,0,0,9,9,9,9,9,9,7,7
../2-4/shanx586.krn-3 12,12,9,9,7,7,7,7,7,7,12,12,9,9,7,7
../2-4/shanx586.krn-4 7,7,4,4,4,4,2,2,4,4,4,4,0,0,0,0
../2-4/shanx586.krn-5 4,4,2,2,0,0,0,0,7,7,7,9,7,7,4,4
../2-4/shanx586.krn-6 7,7,4,4,4,4,2,2,4,4,4,4,0,0,0,0
../2-4/shanx586.krn-7 7,7,7,7,4,4,4,2,0,0,4,4,2,2,0,0
../2-4/shanx586.krn-8 -1,-1,-3,-3,-3,-3,-5,-5,-3,-3,-3,-3,0,0,0,0
../2-4/shanx596.krn-0 9,12,9,7,4,4,7,7,9,12,9,7,9,9,9,9
../2-4/shanx596.krn-1 7,9,12,12,12,9,7,7,9,7,4,7,2,2,2,2
../2-4/shanx596.krn-2 7,7,4,4,7,9,7,4,2,2,7,7,0,0,0,0
../2-4/shanx596.krn-3 -3,-3,4,4,2,4,0,-3,-5,-5,-5,-5,-5,-5,-5,-5
../2-4/shanx597.krn-0 4,4,4,2,4,4,4,4,4,7,9,12,7,7,7,7
../2-4/shanx597.krn-1 4,4,4,2,0,0,0,0,-3,-3,-5,-5,0,0,0,0
../2-4/shanx600.krn-0 7,7,9,9,7,7,7,7,9,9,12,12,4,4,2,2
../2-4/shanx600.krn-1 7,7,7,7,4,4,7,7,2,2,0,0,-3,-3,-5,-5
../2-4/shanx600.krn-2 2,2,2,2,4,4,2,2,0,0,2,0,-3,-3,-3,-3
../2-4/shanx600.krn-3 12,12,12,12,9,9,4,4,7,7,7,7,7,7,7,7
../2-4/shanx601.krn-0 7,7,7,7,9,9,12,12,7,7,7,7,7,7,12,12
../2-4/shanx601.krn-1 9,9,7,7,7,7,7,-3,0,0,0,0,0,0,0,0
../2-4/shanx601.krn-2 2,2,4,4,7,7,7,7,7,7,-3,-3,0,0,0,0
../2-4/shanx601.krn-3 2,2,7,7,7,7,-3,-3,2,2,2,2,-3,-3,7,7
../2-4/shanx601.krn-4 2,4,2,0,-1,-1,-3,-3,0,0,0,0,-3,-3,7,7
../2-4/shanx601.krn-5 2,4,2,0,-1,-1,-3,-3,0,0,0,0,0,0,0,0
../2-4/shanx603.krn-0 0,0,-3,0,2,2,0,2,-3,-3,-5,-8,-5,-5,-3,-3
../2-4/shanx603.krn-1 2,4,7,7,7,4,2,4,2,0,-3,0,-5,-5,0,0
../2-4/shanx613.krn-0 2,2,2,2,7,7,4,4,7,7,7,7,-3,-3,0,0
../2-4/shanx613.krn-1 2,2,2,2,2,2,2,2,7,7,7,7,12,12,9,9
../2-4/shanx613.krn-2 7,7,7,7,7,7,7,7,4,4,2,4,7,7,4,4
../2-4/shanx613.krn-3 2,2,0,0,-3,-3,-5,-5,0,0,0,0,0,0,0,0
../2-4/shanx613.krn-4 2,2,7,7,4,4,2,2,0,0,0,0,-3,-3,2,2
../2-4/shanx613.krn-5 0,0,0,0,0,0,0,0,7,7,12,12,9,9,7,7
../2-4/shanx613.krn-6 5,5,5,5,5,5,7,7,12,12,12,12,9,9,7,7
../2-4/shanx613.krn-7 7,7,7,7,7,7,7,7,4,4,2,4,7,7,4,4
../2-4/shanx613.krn-8 2,2,0,0,-3,-3,-5,-5,0,0,0,0,0,0,0,0
../2-4/shanx613.krn-9 -3,-3,-5,-5,0,0,4,4,2,2,0,0,-3,-3,0,0
../2-4/shanx613.krn-10 2,2,2,2,2,2,2,2,7,7,7,7,9,9,7,7
../2-4/shanx613.krn-11 7,7,2,2,7,7,7,7,7,7,7,4,2,2,0,0
../2-4/shanx613.krn-12 0,0,-3,-3,2,2,2,2,0,0,-3,-3,-5,0,9,4
../2-4/shanx613.krn-13 -5,-5,-5,-5,-5,-5,-5,-5,4,4,2,2,0,0,2,4
../2-4/shanx613.krn-14 -5,-5,-5,-5,-5,-5,-3,-3,-5,-5,-5,-5,-5,-5,-5,-5
../2-4/shanx614.krn-0 2,2,-3,-3,-5,-5,-5,-5,-1,-1,0,0,2,2,7,7
../2-4/shanx614.krn-1 2,2,0,0,-1,-1,-3,-3,-5,-5,-5,-5,-5,-5,-5,-5
../2-4/shanx614.krn-2 2,2,-3,-3,-5,-5,-5,-5,-1,-1,0,0,2,2,7,7
../2-4/shanx614.krn-3 2,2,2,2,2,2,2,2,2,2,-3,-3,-5,-5,-5,-5
../2-4/shanx614.krn-4 -5,-5,-5,-5,0,0,2,2,7,7,7,7,2,0,2,7
../2-4/shanx614.krn-5 2,2,0,0,-1,-1,-3,-3,-5,-5,-5,-5,-5,-5,-5,-5
../2-4/shanx614.krn-6 0,0,2,2,-1,-1,-3,-3,-5,-5,-5,-5,-5,-5,-5,-5
../2-4/shanx615.krn-0 4,4,4,2,4,4,2,2,4,4,4,4,4,4,4,4
../2-4/shanx615.krn-1 4,4,4,2,4,4,2,2,0,0,0,0,0,0,0,0
../2-4/shanx615.krn-2 4,4,2,2,4,4,4,4,2,2,4,4,2,2,-3,-3
../2-4/shanx615.krn-3 0,0,0,2,4,4,4,4,2,2,4,4,2,2,-3,-3
../2-4/shanx615.krn-4 0,0,2,2,0,0,-3,-3,-5,-5,-5,-5,0,0,0,0
../2-4/shanx615.krn-5 0,0,9,9,7,7,7,7,0,0,9,9,7,7,7,7
../2-4/shanx615.krn-6 0,0,9,9,7,7,7,7,0,0,9,9,7,7,7,7
../2-4/shanx617.krn-0 2,2,2,2,0,0,2,2,7,7,7,7,12,12,12,12
../2-4/shanx617.krn-1 2,2,2,2,0,0,-1,-1,-5,-5,-5,-5,-5,-5,0,0
../2-4/shanx617.krn-2 0,0,0,2,4,4,4,4,2,2,2,2,0,0,-1,-1
../2-4/shanx617.krn-3 -5,-8,-5,-5,-1,2,-1,-1,-5,-5,-5,-5,-5,-5,-5,-5
../2-4/shanx619.krn-0 0,0,2,2,9,9,7,7,2,2,2,2,5,5,7,7
../2-4/shanx619.krn-1 2,2,0,0,-5,-5,0,0,0,0,0,0,2,2,2,2
../2-4/shanx619.krn-2 7,7,7,7,9,12,9,7,5,5,5,5,2,2,12,12
../2-4/shanx619.krn-3 9,9,7,7,5,5,2,2,0,0,0,0,0,0,0,0
../2-4/shanx623.krn-0 2,2,2,2,2,2,2,2,5,5,5,-1,0,0,-3,-3
../2-4/shanx623.krn-1 0,0,0,0,0,0,0,0,2,2,2,0,-3,-3,9,0
../2-4/shanx623.krn-2 2,2,0,-3,-5,-5,-5,-7,-5,-5,-5,-5,-5,-5,-5,-5
../2-4/shanx623.krn-3 -5,-5,-5,-3,-5,-5,-5,-3,0,0,0,0,2,2,-3,-3
../2-4/shanx623.krn-4 -8,-8,-8,-8,-5,-5,-8,-8,-10,-10,-10,-8,-10,-10,-10,-10
../2-4/shanx623.krn-5 0,0,0,0,0,0,4,4,2,2,2,2,2,2,4,4
../2-4/shanx623.krn-6 0,0,0,-3,-5,-5,-3,-3,-5,-5,-5,-5,-5,-5,-5,-5
../2-4/shanx631.krn-0 2,2,7,7,7,7,4,2,0,0,4,4,2,2,2,2
../2-4/shanx631.krn-1 12,12,12,9,7,7,4,4,0,0,0,-3,-5,-3,-5,-5
../2-4/shanx631.krn-2 -3,-3,0,0,2,2,7,7,4,7,2,2,2,2,0,0
../2-4/shanx631.krn-3 -3,-3,-3,0,-5,-3,-5,-8,-10,-10,-10,-10,-10,-10,-10,-10
../2-4/shanx632.krn-0 7,7,9,7,4,4,7,7,7,7,2,2,2,2,2,2
../2-4/shanx632.krn-1 12,12,9,7,5,5,7,7,0,0,-5,-5,-5,-5,-3,-5
../2-4/shanx632.krn-2 0,0,0,0,0,0,2,2,7,7,2,2,2,2,0,0
../2-4/shanx632.krn-3 2,2,0,0,-5,-5,-7,-7,-10,-10,-10,-10,-10,-10,-10,-10
../2-4/shanx635.krn-0 7,7,7,7,9,9,7,7,2,4,2,0,10,10,10,10
../2-4/shanx635.krn-1 2,2,7,7,-1,-1,0,0,2,5,2,-1,0,0,0,0
../2-4/shanx636.krn-0 12,12,12,4,7,7,7,7,12,12,12,4,7,7,7,7
../2-4/shanx636.krn-1 14,14,14,16,14,12,9,9,7,7,7,2,7,7,7,7
../2-4/shanx636.krn-2 14,16,14,12,14,16,14,12,7,7,9,7,5,5,2,2
../2-4/shanx636.krn-3 12,12,12,7,12,4,4,2,0,0,0,0,0,0,0,0
../2-4/shanx648.krn-0 2,2,2,4,2,2,-3,0,2,2,2,4,2,2,0,0
../2-4/shanx648.krn-1 0,0,0,4,2,2,0,-3,-5,-5,-5,-8,-5,-5,0,0
../2-4/shanx648.krn-2 2,4,2,0,2,4,2,0,-3,-3,-3,0,-7,-7,-7,-7
../2-4/shanx648.krn-3 -3,-5,-3,0,-5,-3,-5,-7,-10,-10,-10,-12,-10,-10,-10,-10
../2-4/shanx649.krn-0 7,7,7,5,7,7,9,9,7,7,5,5,2,2,2,4
../2-4/shanx649.krn-1 7,7,4,5,7,7,9,9,0,0,0,0,0,0,2,2
../2-4/shanx649.krn-2 7,7,7,5,2,2,2,7,2,2,0,-3,-5,-5,-5,-3
../2-4/shanx649.krn-3 2,2,2,0,-3,-3,-3,0,-5,-5,-5,-5,-5,-5,-5,-5
../2-4/shanx650.krn-0 2,2,2,7,5,4,2,2,7,-1,2,4,-1,-3,-5,-5
../2-4/shanx650.krn-1 2,2,2,7,-1,-3,-5,-5,-1,-3,-5,-10,-5,-5,-5,-5
../2-4/shanx659.krn-0 0,0,7,7,7,7,4,4,7,7,2,2,2,2,2,2
../2-4/shanx659.krn-1 0,0,7,7,7,7,4,4,7,7,0,0,2,2,2,2
../2-4/shanx659.krn-2 0,0,7,7,4,4,7,7,-3,-3,0,0,0,0,0,0
../2-4/shanx659.krn-3 -3,-3,2,2,0,0,0,-3,0,0,-5,-5,-5,-5,-5,-5
../2-4/shanx668.krn-0 9,9,9,12,9,9,4,4,9,9,9,12,9,9,4,4
../2-4/shanx668.krn-1 7,7,4,4,7,7,9,9,4,4,4,4,4,4,4,4
../2-4/shanx668.krn-2 7,7,0,0,2,2,2,2,7,7,4,4,2,2,2,2
../2-4/shanx668.krn-3 7,7,4,4,2,2,0,0,-3,-3,-3,-3,-3,-3,-3,-3
../2-4/shanx668.krn-4 9,9,4,4,7,7,7,7,4,4,7,7,4,4,4,4
../2-4/shanx668.krn-5 7,7,4,4,2,2,2,2,4,4,4,4,4,4,4,4
../2-4/shanx668.krn-6 2,2,4,4,2,2,-3,-3,4,4,2,2,4,4,4,4
../2-4/shanx668.krn-7 7,7,4,4,2,2,0,0,-3,-3,-3,-3,-3,-3,-3,-3
../2-4/shanx672.krn-0 7,7,9,7,4,4,4,4,12,12,16,16,14,14,16,16
../2-4/shanx672.krn-1 7,7,12,12,9,9,7,7,4,4,2,2,4,4,4,4
../2-4/shanx672.krn-2 14,14,12,12,14,14,14,14,16,16,14,12,7,7,7,7
../2-4/shanx672.krn-3 12,12,14,12,9,7,4,4,7,7,7,7,7,7,7,7
../2-4/shanx675.krn-0 2,2,2,4,2,2,2,2,0,0,2,2,4,4,7,7
../2-4/shanx675.krn-1 2,2,2,2,-3,-3,-3,-3,4,4,7,7,9,9,12,12
../2-4/shanx675.krn-2 7,7,4,4,7,7,2,0,-3,-3,-3,-3,-3,-3,-3,-3
../2-4/shanx675.krn-3 2,2,2,4,0,0,2,2,4,4,4,4,4,4,4,4
../2-4/shanx675.krn-4 -8,-8,-8,-8,-8,-8,-5,-5,-3,-3,-3,-3,2,2,2,2
../2-4/shanx675.krn-5 0,0,-3,-3,0,0,-8,-8,-10,-10,-10,-10,-10,-10,-10,-10
../2-4/shanx678.krn-0 4,4,12,12,11,11,9,9,7,7,7,7,7,7,4,7
../2-4/shanx678.krn-1 12,12,12,16,14,16,12,12,7,7,7,7,7,7,7,7
../2-4/shanx678.krn-2 12,12,12,12,12,12,9,9,7,7,9,9,5,5,4,4
../2-4/shanx678.krn-3 2,2,2,2,2,2,2,2,12,12,12,12,12,12,9,9
../2-4/shanx678.krn-4 7,7,7,12,9,9,7,7,0,0,2,2,4,4,9,9
../2-4/shanx678.krn-5 7,7,4,4,2,4,0,0,-3,-3,0,0,-5,-5,-5,-5
../2-4/shanx678.krn-6 4,4,4,2,4,4,-3,-3,-5,-5,-5,-5,-5,-5,-5,-5
../2-4/shanx678.krn-7 -3,-3,-3,-3,-1,-1,-1,-1,-3,-3,-1,-1,-3,-3,-5,-5
../2-4/shanx678.krn-8 -3,-3,-3,-3,-1,-1,-1,-1,-3,-3,-1,-1,-3,-3,-5,-5
../2-4/shanx678.krn-9 2,2,-1,-1,2,2,7,7,4,4,4,2,-1,-1,2,2
../2-4/shanx678.krn-10 -3,-3,-3,-3,-3,-3,-3,-3,12,12,12,12,12,12,9,9
../2-4/shanx678.krn-11 7,7,7,12,9,9,7,7,0,0,0,2,4,4,9,9
../2-4/shanx678.krn-12 7,7,4,4,2,2,4,7,-3,-3,-3,-3,0,0,0,0
../2-4/shanx678.krn-13 0,0,2,2,4,4,9,9,7,7,4,4,2,2,4,4
../2-4/shanx678.krn-14 -3,-3,-5,-5,-1,-1,-3,-3,-5,-5,-5,-5,-5,-5,-5,-5
../2-4/shanx683.krn-0 7,7,7,7,4,4,2,4,7,7,2,4,7,7,7,7
../2-4/shanx683.krn-1 0,0,0,2,7,9,7,4,2,4,2,-3,-5,-5,-5,-5
../2-4/shanx683.krn-2 0,0,0,2,7,9,7,4,7,7,2,4,2,2,-3,-3
../2-4/shanx683.krn-3 0,0,0,2,0,-3,-5,-10,-5,-5,-5,-5,-5,-5,-5,-5
../2-4/shanx686.krn-0 7,7,7,7,2,2,2,2,5,5,9,9,9,9,9,9
../2-4/shanx686.krn-1 7,7,7,7,5,5,7,7,2,2,2,-3,-5,-5,-5,-5
../2-4/shanx686.krn-2 2,2,2,4,7,7,7,7,9,9,0,0,2,2,2,2
../2-4/shanx686.krn-3 -3,-3,-5,-3,-1,-1,-3,-3,-5,-5,-5,-5,-5,-5,-5,-5
../2-4/shanx688.krn-0 7,12,11,9,7,9,4,2,0,7,12,9,7,9,4,2
../2-4/shanx688.krn-1 0,-3,7,12,11,9,7,9,7,4,2,4,2,-3,0,0
../2-4/shanx688.krn-2 4,-3,0,0,0,7,12,9,7,9,4,2,0,0,0,0
../2-4/shanx689.krn-0 7,7,7,7,2,2,2,2,7,7,7,7,2,2,2,2
../2-4/shanx689.krn-1 5,5,5,5,7,7,2,2,0,0,0,-1,-5,-5,-5,-5
../2-4/shanx689.krn-2 12,12,5,5,7,7,7,7,2,2,5,5,5,5,2,2
../2-4/shanx689.krn-3 5,5,5,2,-3,-3,-5,-5,-7,-7,-7,-7,-7,-7,-7,-7
../2-4/shanx690.krn-0 0,0,7,4,2,2,2,0,2,2,2,2,2,2,7,7
../2-4/shanx690.krn-1 7,7,7,7,4,4,9,9,7,7,4,4,2,2,0,0
../2-4/shanx690.krn-2 -1,-1,-1,-1,7,7,7,7,9,9,7,7,4,4,2,2
../2-4/shanx690.krn-3 4,4,7,7,-1,0,-3,0,2,2,-3,-3,-5,-5,-5,-5
../2-4/shanx692.krn-0 2,2,2,2,4,4,0,0,2,2,2,2,2,2,2,2
../2-4/shanx692.krn-1 4,4,4,2,0,0,2,2,0,0,-3,-3,-5,-5,-5,-5
../2-4/shanx692.krn-2 0,0,0,0,2,2,0,0,-3,-3,0,0,0,0,-8,-8
../2-4/shanx692.krn-3 -10,-10,-10,-10,-10,-10,-10,-10,-3,-3,-3,-3,-3,-3,-3,-3
../2-4/shanx692.krn-4 0,0,-8,-8,-5,-5,-3,-3,0,0,0,0,2,2,0,0
../2-4/shanx692.krn-5 -3,-3,0,0,0,0,-8,-8,-10,-10,-10,-10,-10,-10,-10,-10
../2-4/shanx693.krn-0 14,14,14,14,16,16,12,12,14,14,14,14,14,14,14,14
../2-4/shanx693.krn-1 16,16,14,14,12,12,14,14,12,12,9,9,7,7,7,7
../2-4/shanx693.krn-2 12,12,12,12,14,14,12,12,9,9,12,12,7,7,5,5
../2-4/shanx693.krn-3 2,2,2,2,2,2,2,2,7,7,7,7,5,5,7,7
../2-4/shanx693.krn-4 9,9,5,5,7,7,7,7,12,12,12,12,14,14,12,12
../2-4/shanx693.krn-5 9,9,12,12,7,7,4,4,2,2,2,2,2,2,2,2
../2-4/shanx698.krn-0 7,7,7,9,12,12,4,4,7,7,7,9,4,4,2,2
../2-4/shanx698.krn-1 7,7,7,9,12,12,4,4,7,7,7,9,4,4,2,2
../2-4/shanx698.krn-2 7,4,7,7,7,7,12,12,9,9,7,7,4,4,2,2
../2-4/shanx698.krn-3 7,7,2,2,7,7,4,2,0,0,0,-3,0,0,2,2
../2-4/shanx698.krn-4 4,2,0,-3,2,2,2,4,7,7,7,4,7,7,12,4
../2-4/shanx698.krn-5 2,2,4,4,2,4,2,0,2,0,-3,-3,-3,-3,0,0
../2-4/shanx698.krn-6 2,2,2,4,0,0,-3,-3,-5,-5,-5,-5,-5,-5,-5,-5
../2-4/shanx699.krn-0 12,12,14,14,19,19,16,16,14,14,14,14,14,14,14,14
../2-4/shanx699.krn-1 19,19,14,14,12,12,9,9,7,7,7,7,7,7,7,7
../2-4/shanx699.krn-2 12,12,12,12,12,12,4,4,16,16,14,14,16,16,16,16
../2-4/shanx699.krn-3 19,19,16,14,12,12,9,12,14,14,14,14,14,14,14,14
../2-4/shanx699.krn-4 14,14,14,12,14,14,19,19,12,12,11,9,7,7,7,7
../2-4/shanx699.krn-5 12,12,9,7,4,4,2,4,7,7,7,7,7,7,7,7
../2-4/shanx699.krn-6 14,14,16,16,12,12,9,9,19,19,19,19,19,19,19,19
../2-4/shanx699.krn-7 12,12,9,7,4,4,2,4,7,7,7,7,7,7,7,7
../2-4/shanx700.krn-0 12,12,12,9,7,7,7,7,9,12,9,7,4,4,4,4
../2-4/shanx700.krn-1 12,12,12,9,16,19,16,14,12,14,12,9,7,7,0,0
../2-4/shanx700.krn-2 12,12,7,9,12,12,12,12,16,14,16,14,12,12,9,7
../2-4/shanx700.krn-3 7,7,7,9,4,4,4,2,0,0,0,0,0,0,0,0
../2-4/shanx700.krn-4 12,12,12,12,9,9,7,7,7,7,16,16,14,14,16,16
../2-4/shanx700.krn-5 12,12,12,9,7,7,7,7,7,7,7,9,12,12,12,12
../2-4/shanx700.krn-6 4,4,4,2,11,11,11,11,7,7,7,9,11,11,11,11
../2-4/shanx700.krn-7 7,9,4,4,4,4,2,2,0,0,0,0,0,0,0,0
../2-4/shanx707.krn-0 7,7,7,9,12,14,12,9,7,7,7,9,4,4,2,4
../2-4/shanx707.krn-1 7,7,7,9,12,14,12,9,7,7,7,9,4,4,2,4
../2-4/shanx707.krn-2 7,4,7,7,7,7,9,12,9,9,7,7,7,7,2,2
../2-4/shanx707.krn-3 4,7,4,2,4,7,4,2,0,0,0,2,0,0,0,0
../2-4/shanx707.krn-4 4,2,0,0,2,2,2,4,7,7,7,9,12,12,12,4
../2-4/shanx707.krn-5 2,2,4,4,2,4,2,0,2,0,-3,-3,-3,-3,-3,0
../2-4/shanx707.krn-6 2,2,2,4,0,0,-3,-3,7,7,9,12,7,7,7,7
../2-4/shanx708.krn-0 9,9,9,9,4,4,7,7,12,12,7,7,11,11,9,9
../2-4/shanx708.krn-1 7,7,7,7,16,16,16,16,12,12,11,11,9,9,7,7
../2-4/shanx708.krn-2 4,4,7,7,4,4,2,2,0,0,0,0,0,0,0,0
../2-4/shanx708.krn-3 4,4,7,7,-1,-1,-1,-1,0,0,2,2,-1,-1,-3,-3
../2-4/shanx708.krn-4 -5,-5,-5,-5,12,12,9,9,7,7,7,9,7,7,4,4
../2-4/shanx708.krn-5 2,2,4,4,7,7,7,7,9,9,7,7,4,4,2,2
../2-4/shanx708.krn-6 0,0,0,0,0,0,-3,-3,0,0,0,0,0,0,0,0
../2-4/shanx708.krn-7 0,0,0,0,0,0,2,2,4,4,4,4,12,12,9,9
../2-4/shanx708.krn-8 2,2,4,4,7,7,12,12,9,9,7,7,0,0,0,0
../2-4/shanx708.krn-9 2,2,2,-1,2,2,4,7,4,4,2,2,0,0,-1,-1
../2-4/shanx708.krn-10 -3,-3,-3,-1,-5,-5,-5,-5,4,4,2,2,-1,-1,-3,-3
../2-4/shanx708.krn-11 -5,-5,-5,-5,-5,-5,-3,-3,-5,-5,-5,-5,-5,-5,-5,-5
../2-4/shanx709.krn-0 19,16,16,14,14,14,16,16,14,14,14,14,14,14,14,14
../2-4/shanx709.krn-1 14,14,14,14,9,9,7,7,5,5,5,5,0,0,0,0
../2-4/shanx709.krn-2 2,2,2,2,2,2,2,2,7,7,7,7,9,9,7,7
../2-4/shanx709.krn-3 14,14,14,14,9,9,5,5,7,7,7,7,7,7,7,7
../2-4/shanx710.krn-0 9,9,9,9,9,9,4,4,9,9,9,9,7,7,4,4
../2-4/shanx710.krn-1 9,9,4,4,4,4,2,2,0,0,0,0,0,0,-3,-3
../2-4/shanx710.krn-2 7,7,9,9,9,9,7,7,9,9,7,7,4,4,2,2
../2-4/shanx710.krn-3 4,4,-1,-1,-3,-3,0,0,-5,-5,-5,-5,-5,-5,-5,-5
../2-4/shanx710.krn-4 0,0,-3,-3,0,0,2,2,4,4,4,4,7,7,4,4
../2-4/shanx710.krn-5 2,2,0,0,-3,-3,-5,-3,0,0,0,0,0,0,0,0
../2-4/shanx710.krn-6 7,7,9,9,9,9,7,7,9,9,7,7,4,4,2,2
../2-4/shanx710.krn-7 2,2,-1,-1,-3,-3,0,0,-5,-5,-5,-5,-5,-5,-5,-5
../2-4/shanx711.krn-0 2,2,7,7,9,9,7,7,-3,-3,-3,0,2,2,2,2
../2-4/shanx711.krn-1 2,2,7,7,9,9,7,7,0,0,0,-3,-5,-3,-5,-5
../2-4/shanx711.krn-2 0,0,0,0,2,2,7,7,7,7,0,0,0,0,-3,-3
../2-4/shanx711.krn-3 -5,-5,-3,-3,-5,-3,-8,-8,-10,-10,-10,-10,-10,-10,-10,-10
../2-4/shanx713.krn-0 14,14,14,16,14,12,9,7,9,12,14,14,7,7,7,7
../2-4/shanx713.krn-1 9,7,9,14,12,9,7,7,5,7,12,4,2,2,2,2
../2-4/shanx714.krn-0 0,0,0,-1,-3,-3,-5,-5,0,0,2,2,4,4,4,4
../2-4/shanx714.krn-1 7,7,7,2,4,4,2,2,0,0,-1,-1,-3,-3,-5,-5
../2-4/shanx714.krn-2 -3,-3,4,4,2,2,4,4,-5,-5,-5,-3,0,0,0,0
../2-4/shanx714.krn-3 2,2,2,0,-1,-1,-3,-3,-5,-5,-5,-5,-5,-5,-5,-5
../2-4/shanx716.krn-0 5,5,9,9,7,7,7,7,5,5,9,9,7,7,7,7
../2-4/shanx716.krn-1 9,9,7,7,5,5,4,4,7,7,7,7,2,2,7,7
../2-4/shanx716.krn-2 0,0,12,12,9,9,12,12,7,7,7,12,4,4,2,2
../2-4/shanx716.krn-3 0,0,2,2,2,2,-3,-3,-5,-5,-5,-5,-5,-5,-5,-5
../2-4/shanx716.krn-4 7,7,7,7,2,2,4,4,0,0,-3,-3,-5,-5,-5,-5
../2-4/shanx716.krn-5 7,7,7,7,2,2,4,4,-3,-3,0,0,-5,-5,-5,-5
../2-4/shanx716.krn-6 -3,-3,-3,0,-3,-3,-3,0,4,4,2,2,2,2,2,2
../2-4/shanx716.krn-7 2,2,2,4,7,7,7,7,9,9,12,12,9,9,7,7
../2-4/shanx716.krn-8 7,7,7,7,7,7,4,4,2,2,0,0,-5,-5,-5,-5
../2-4/shanx721.krn-0 4,4,4,7,9,9,9,12,9,9,7,7,5,5,4,4
../2-4/shanx721.krn-1 7,7,7,0,2,2,4,4,7,7,7,12,9,9,4,4
../2-4/shanx721.krn-2 7,7,0,0,-1,-1,-3,-3,0,0,-5,-5,-5,-5,-3,-3
../2-4/shanx721.krn-3 0,0,-5,-5,-3,-3,0,0,-5,-5,-5,-5,-5,-5,-5,-5
../2-4/shanx721.krn-4 2,2,0,0,-1,-1,-3,-3,0,0,-5,-5,-5,-5,-5,-5
../2-4/shanx721.krn-5 7,7,7,5,4,4,2,2,4,4,4,7,7,7,2,2
../2-4/shanx721.krn-6 4,4,4,7,7,7,2,2,4,4,0,0,-1,-1,-3,-3
../2-4/shanx721.krn-7 0,0,-5,-5,-3,-3,0,0,-5,-5,-5,-5,-5,-5,-5,-5
../2-4/shanx724.krn-0 7,7,9,12,7,7,5,4,2,2,4,7,2,2,2,2
../2-4/shanx724.krn-1 0,0,2,4,0,0,-1,-3,-5,-5,-3,0,-5,-5,-5,-5
../2-4/shanx724.krn-2 -5,-5,-5,-5,7,7,5,4,2,2,2,2,2,2,7,7
../2-4/shanx724.krn-3 5,5,5,2,0,2,0,-3,-5,-5,-3,0,-5,-5,-5,-5
../2-4/shanx727.krn-0 4,4,4,4,0,0,2,2,7,7,7,7,5,5,4,4
../2-4/shanx727.krn-1 2,2,4,2,-3,-3,0,0,-1,-1,-3,-3,-5,-5,-5,-5
../2-4/shanx727.krn-2 2,2,2,2,-3,-3,0,0,2,2,0,0,-1,-1,-3,-3
../2-4/shanx727.krn-3 -5,-5,-5,-5,-8,-8,-10,-8,-5,-5,-5,-5,-5,-5,-5,-5
../2-4/shanx728.krn-0 7,7,7,7,12,12,9,7,5,5,7,7,2,2,2,2
../2-4/shanx728.krn-1 7,7,7,4,2,2,2,-3,0,0,0,0,0,0,0,0
../2-4/shanx728.krn-2 7,7,7,4,2,2,4,4,0,0,0,-3,-5,-5,-5,-5
../2-4/shanx728.krn-3 0,2,-1,-3,-5,-3,-5,-10,-5,-5,-5,-5,-5,-5,-5,-5
../2-4/shanx729.krn-0 7,7,7,7,7,7,7,7,9,9,9,12,9,9,7,7
../2-4/shanx729.krn-1 5,5,5,5,4,4,7,7,2,2,2,2,2,2,4,4
../2-4/shanx729.krn-2 7,7,7,7,5,5,4,4,2,2,2,4,2,2,2,-3
../2-4/shanx729.krn-3 0,0,0,0,0,0,0,0,7,7,7,7,5,5,4,4
../2-4/shanx729.krn-4 2,2,2,2,2,2,4,4,0,0,0,0,-1,-1,-3,-3
../2-4/shanx729.krn-5 -5,-5,-5,-5,-5,-5,-3,-3,0,0,0,0,-1,-1,-3,-3
../2-4/shanx729.krn-6 -5,-5,-5,-3,-5,-5,-10,-10,-5,-5,-5,-5,-5,-5,-5,-5
../2-4/shanx731.krn-0 7,7,7,7,9,7,4,2,0,-1,-3,0,2,2,2,2
../2-4/shanx731.krn-1 7,7,7,7,9,7,4,2,0,-1,-3,0,2,2,2,2
../2-4/shanx731.krn-2 2,4,7,7,9,7,4,2,0,0,7,7,0,0,-1,-3
../2-4/shanx731.krn-3 -5,-5,-5,-3,-1,-1,2,-3,-5,-5,-5,-5,2,4,2,0
../2-4/shanx731.krn-4 -1,-1,-3,-3,-5,-5,-5,-3,-1,-1,2,-3,-5,-5,-5,-5
../2-4/shanx735.krn-0 0,0,-1,-3,0,-5,-5,-5,0,-1,-3,0,2,2,2,2
../2-4/shanx735.krn-1 7,9,5,4,7,2,2,4,7,0,-1,-3,7,7,7,7
../2-4/shanx737.krn-0 7,7,7,7,7,7,2,2,7,7,7,7,7,7,9,9
../2-4/shanx737.krn-1 5,5,4,4,7,7,2,2,0,0,0,0,0,0,0,0
../2-4/shanx737.krn-2 2,2,2,2,7,7,4,7,2,2,2,2,7,7,7,7
../2-4/shanx737.krn-3 0,0,0,0,-10,-10,-3,-3,-5,-5,-5,-5,-5,-5,-5,-5
../2-4/shanx738.krn-0 7,7,7,9,7,7,2,2,7,7,4,9,7,7,7,7
../2-4/shanx738.krn-1 7,7,7,2,7,7,4,2,4,0,0,2,0,0,0,0
../2-4/shanx738.krn-2 2,4,7,7,9,7,4,2,7,7,7,0,2,4,2,0
../2-4/shanx738.krn-3 2,2,2,0,-5,-5,-1,-3,-5,-5,-5,-3,-5,-5,-5,-5
../2-4/shanx739.krn-0 0,0,-3,0,2,2,2,2,7,7,2,7,0,-3,-5,-5
../2-4/shanx739.krn-1 7,12,9,7,5,5,5,7,2,0,-1,-5,0,0,0,0
../2-4/shanx744.krn-0 7,9,7,7,7,7,7,7,7,9,4,4,7,7,7,7
../2-4/shanx744.krn-1 4,4,2,0,2,2,4,4,9,9,9,9,0,0,0,0
../2-4/shanx744.krn-2 4,4,0,0,2,2,2,4,4,0,0,0,2,2,2,2
../2-4/shanx744.krn-3 4,4,-3,-3,-3,-3,-5,-5,0,0,0,0,0,0,0,0
../2-4/shanx755.krn-0 12,12,7,7,5,5,4,2,7,9,7,2,0,0,0,0
../2-4/shanx755.krn-1 2,2,7,7,5,5,4,2,7,9,7,2,0,0,0,0
../2-4/shanx755.krn-2 2,4,2,0,-1,-1,-1,-1,2,4,2,0,-1,-1,-1,-1
../2-4/shanx755.krn-3 -5,-5,0,0,-1,-1,-3,-5,2,4,2,-3,-5,-5,-5,-5
../2-4/shanx755.krn-4 7,9,7,2,7,9,7,2,7,9,7,2,0,0,-1,-3
../2-4/shanx755.krn-5 -5,-5,0,0,-1,-1,-3,-5,2,4,2,-3,-5,-5,-5,-5
../2-4/shanx757.krn-0 2,2,4,4,7,7,9,9,7,7,4,4,2,2,2,2
../2-4/shanx757.krn-1 7,7,9,9,7,7,4,4,2,2,2,2,2,2,2,2
../2-4/shanx757.krn-2 7,7,9,9,12,12,12,12,12,12,9,9,7,7,7,7
../2-4/shanx757.krn-3 9,9,12,12,7,7,4,4,2,2,2,2,2,2,2,2
../2-4/shanx757.krn-4 2,2,4,4,7,7,7,7,4,4,12,12,12,12,4,4
../2-4/shanx757.krn-5 4,4,7,7,4,4,2,2,0,0,0,0,0,0,0,0
../2-4/shanx757.krn-6 0,0,-3,-3,-5,-5,-5,-5,4,7,4,2,0,0,0,0
../2-4/shanx757.krn-7 2,2,2,4,0,0,-3,-3,-5,-5,-5,-5,-5,-5,-5,-5
../2-4/shanx757.krn-8 0,0,0,2,4,4,7,7,2,2,2,2,2,2,4,4
../2-4/shanx757.krn-9 7,7,7,12,9,9,7,7,0,0,0,0,0,0,0,0
../2-4/shanx757.krn-10 0,0,-3,-3,-5,-5,-5,-5,4,4,2,2,0,0,0,0
../2-4/shanx757.krn-11 4,4,2,2,0,0,-3,-3,-5,-5,-5,-5,-5,-5,-5,-5
../2-4/shanx758.krn-0 4,4,2,2,4,4,2,0,2,2,-3,-5,-8,-8,-8,-8
../2-4/shanx758.krn-1 2,2,2,2,2,2,4,4,7,7,2,2,2,2,2,2
../2-4/shanx758.krn-2 7,7,7,9,9,12,9,7,9,7,4,2,0,-3,0,0
../2-4/shanx758.krn-3 2,4,2,0,-3,-5,-8,-8,-5,-5,-5,-3,-5,-5,-5,-5
../2-4/shanx759.krn-0 2,2,2,2,-3,-3,0,0,2,2,2,2,2,2,2,2
../2-4/shanx759.krn-1 7,7,7,7,7,7,7,7,7,7,9,9,5,5,5,5
../2-4/shanx759.krn-2 2,2,2,2,-3,-3,0,0,2,2,2,2,5,5,5,5
../2-4/shanx759.krn-3 -5,-5,-5,-5,-3,-3,-7,-7,-5,-5,-5,-5,-5,-5,-5,-5
../2-4/shanx759.krn-4 2,2,2,2,-3,-3,0,0,2,2,2,2,2,2,2,2
../2-4/shanx759.krn-5 7,7,7,7,7,7,7,7,7,7,9,9,5,5,5,5
../2-4/shanx759.krn-6 4,4,2,2,0,0,0,0,2,2,2,2,2,2,2,5
../2-4/shanx759.krn-7 2,2,0,0,-3,-3,-7,-7,-5,-5,-5,-5,-5,-5,-5,-5
../2-4/shanx764.krn-0 7,7,7,7,4,4,7,7,12,12,12,9,7,7,4,4
../2-4/shanx764.krn-1 9,9,9,12,7,7,4,4,2,4,2,0,2,2,2,2
../2-4/shanx764.krn-2 2,2,2,4,12,12,12,9,4,7,4,2,0,0,0,2
../2-4/shanx764.krn-3 4,4,4,4,7,4,2,0,-3,-3,-3,-5,-3,-3,-3,-3
../2-4/shanx766.krn-0 19,16,14,16,12,9,7,2,7,9,12,4,2,2,2,2
../2-4/shanx766.krn-1 19,16,14,16,12,9,7,4,7,7,9,9,14,12,9,7
../2-4/shanx768.krn-0 12,9,7,7,7,0,2,2,12,9,7,5,7,0,2,2
../2-4/shanx768.krn-1 7,7,12,9,7,12,7,5,0,5,5,2,0,-3,-5,-5
../2-4/shanx768.krn-2 12,9,7,12,7,5,2,2,7,5,2,-3,-5,-5,-5,-5
../2-4/shanx769.krn-0 7,7,7,7,9,9,7,7,7,9,7,4,2,0,2,2
../2-4/shanx769.krn-1 2,4,7,7,9,9,7,7,4,2,0,0,2,0,2,2
../2-4/shanx769.krn-2 2,4,7,7,9,12,7,7,4,2,0,2,-3,-3,-3,-3
../2-4/shanx769.krn-3 4,0,2,2,4,0,2,2,2,7,4,7,7,0,2,2
../2-4/shanx769.krn-4 7,4,7,7,2,4,2,0,-3,0,0,4,2,2,2,-3
../2-4/shanx769.krn-5 -5,-5,-5,-5,2,4,0,0,2,0,2,2,7,4,7,7
../2-4/shanx769.krn-6 2,4,2,0,-3,0,0,4,2,2,2,-3,-5,-5,-5,-5
../2-4/shanx771.krn-0 9,9,12,12,9,9,7,7,5,5,5,5,4,4,2,2
../2-4/shanx771.krn-1 0,0,-1,-1,-3,-3,0,0,2,2,2,2,2,2,2,2
../2-4/shanx771.krn-2 9,9,12,12,9,9,7,7,5,5,5,5,4,4,4,4
../2-4/shanx771.krn-3 2,2,4,4,9,9,7,7,2,2,2,2,0,0,0,0
../2-4/shanx771.krn-4 2,2,0,0,7,7,0,0,2,2,0,0,7,7,0,0
../2-4/shanx771.krn-5 2,2,2,2,2,2,7,7,0,0,0,0,0,0,-1,-3
../2-4/shanx771.krn-6 -5,-5,-5,-5,-5,-5,-3,-3,0,0,0,0,0,0,-1,-3
../2-4/shanx771.krn-7 -5,-5,-7,-7,-8,-8,-3,-3,-5,-5,-5,-5,-5,-5,-5,-5
../2-4/shanx773.krn-0 2,2,2,2,2,2,4,4,2,2,0,0,-3,-3,0,0
../2-4/shanx773.krn-1 2,2,2,2,4,4,0,0,2,2,2,2,0,0,0,0
../2-4/shanx773.krn-2 -5,-5,-5,-5,-5,-5,-3,-3,0,0,0,0,2,2,-3,-3
../2-4/shanx773.krn-3 0,0,0,0,2,2,-3,-3,0,0,0,0,0,0,0,0
../2-4/shanx773.krn-4 0,0,2,2,4,4,7,7,2,2,2,2,2,2,4,4
../2-4/shanx773.krn-5 -5,-5,-5,-3,0,0,-1,-1,-3,-3,-3,-3,-3,-3,-3,-3
../2-4/shanx773.krn-6 -3,-3,-3,-3,-3,-3,-1,-1,-3,-3,-5,-5,-7,-7,-8,-8
../2-4/shanx773.krn-7 -5,-5,-5,-5,-5,-5,-5,-5,-3,-3,2,2,-1,-1,-3,-3
../2-4/shanx773.krn-8 -5,-5,-5,-5,-3,-3,-8,-8,-5,-5,-5,-5,-5,-5,-5,-5
../2-4/shanx774.krn-0 7,7,7,7,9,9,12,4,2,0,2,2,2,2,12,9
../2-4/shanx774.krn-1 7,9,7,4,2,4,2,-5,0,0,0,0,0,0,0,0
../2-4/shanx774.krn-2 2,2,7,7,5,5,4,2,0,0,-1,-3,-5,-5,7,7
../2-4/shanx774.krn-3 0,0,-1,-3,-5,-3,-5,-10,-5,-5,-5,-5,-5,-5,-5,-5
../2-4/shanx779.krn-0 14,14,14,14,14,14,14,14,14,14,14,14,12,12,9,9
../2-4/shanx779.krn-1 14,14,14,14,14,14,16,16,14,14,14,14,0,0,0,0
../2-4/shanx779.krn-2 12,12,12,12,12,12,12,12,14,14,14,14,12,12,9,9
../2-4/shanx779.krn-3 7,7,7,7,7,7,5,5,7,7,7,7,7,7,7,7
../2-4/shanx779.krn-4 7,7,7,7,9,9,12,12,14,14,14,14,19,19,16,16
../2-4/shanx779.krn-5 9,9,12,12,9,9,7,7,5,5,5,5,5,5,7,7
../2-4/shanx779.krn-6 12,12,12,12,11,11,9,9,7,7,7,7,12,12,4,4
../2-4/shanx779.krn-7 2,2,2,2,2,2,0,0,2,2,2,2,2,2,2,2
../2-4/shanx781.krn-0 7,7,9,12,7,7,4,4,9,9,12,12,9,9,7,7
../2-4/shanx781.krn-1 4,4,7,7,4,2,0,0,2,2,2,4,2,2,2,2
../2-4/shanx781.krn-2 7,7,7,4,7,7,9,9,-3,0,-5,-3,0,0,0,2
../2-4/shanx781.krn-3 4,7,4,2,0,2,-3,-3,-5,-5,-5,-5,-5,-5,-5,-5
../2-4/shanx783.krn-0 7,9,12,14,11,9,7,4,7,12,7,4,2,2,2,2
../2-4/shanx783.krn-1 7,9,12,14,11,9,7,4,7,12,7,4,2,2,2,2
../2-4/shanx783.krn-2 2,4,7,7,12,12,9,7,7,12,7,4,0,0,0,0
../2-4/shanx783.krn-3 -5,-5,-5,4,2,4,0,0,4,2,2,-3,-5,-5,-5,-5
../2-4/shanx784.krn-0 7,7,7,9,12,12,11,9,7,9,7,7,7,7,9,9
../2-4/shanx784.krn-1 12,12,11,9,7,9,4,2,0,0,0,0,0,0,-1,-3
../2-4/shanx784.krn-2 2,4,7,7,7,7,12,12,9,7,4,2,0,0,-1,-3
../2-4/shanx784.krn-3 7,7,5,4,2,2,4,-3,-5,-5,-5,-5,-5,-5,-5,-5
../2-4/shanx786.krn-0 7,7,7,7,4,4,12,12,9,9,7,7,4,4,4,4
../2-4/shanx786.krn-1 12,12,9,9,7,7,9,9,0,0,-3,-3,0,0,0,0
../2-4/shanx786.krn-2 4,4,7,7,7,7,12,12,9,9,7,7,0,0,0,2
../2-4/shanx786.krn-3 7,7,4,4,2,2,0,0,-5,-5,-5,-5,-5,-5,-5,-5
../2-4/shanx786.krn-4 4,4,7,7,7,7,12,12,9,9,7,7,0,0,0,2
../2-4/shanx786.krn-5 7,7,4,4,2,2,0,0,-5,-5,-5,-5,-5,-5,-5,-5
../2-4/shanx793.krn-0 7,7,7,7,12,12,9,9,7,7,7,9,7,7,7,7
../2-4/shanx793.krn-1 7,7,7,7,16,16,16,14,12,12,14,14,12,12,12,12
../2-4/shanx793.krn-2 7,7,16,16,14,14,12,12,14,14,14,14,14,14,0,0
../2-4/shanx793.krn-3 12,12,7,7,9,9,12,12,7,7,7,7,7,7,7,7
../2-4/shanx796.krn-0 9,9,9,9,7,7,4,4,9,9,9,9,7,7,7,7
../2-4/shanx796.krn-1 9,9,9,9,7,7,9,9,5,5,5,4,2,2,2,2
../2-4/shanx796.krn-2 7,7,7,7,7,7,9,9,2,2,4,4,0,0,0,0
../2-4/shanx796.krn-3 -1,-1,-3,-3,-5,-5,-5,-5,7,7,7,7,2,2,4,4
../2-4/shanx796.krn-4 -5,-5,-5,-3,0,0,2,2,-1,-1,-3,-3,-5,-5,-5,-5
../2-4/shanx798.krn-0 7,7,9,7,4,4,2,2,7,7,9,7,4,4,2,2
../2-4/shanx798.krn-1 7,7,7,7,4,7,4,2,0,0,0,4,2,2,2,2
../2-4/shanx798.krn-2 2,2,4,4,7,7,7,7,2,2,4,2,0,0,0,0
../2-4/shanx798.krn-3 4,4,2,4,-5,-5,0,0,2,0,-3,0,-5,-5,-5,-5
../2-4/shanx798.krn-4 2,2,2,2,4,4,0,0,2,2,2,4,2,2,2,2
../2-4/shanx798.krn-5 4,4,2,4,-5,-5,0,0,2,0,-3,0,-5,-5,-5,-5
../2-4/shanx799.krn-0 7,7,7,7,7,7,4,2,7,7,7,7,7,7,9,9
../2-4/shanx799.krn-1 5,5,4,4,7,7,2,4,0,0,-1,-1,-3,-3,-5,-5
../2-4/shanx799.krn-2 0,0,0,2,4,4,7,7,2,2,2,2,4,4,4,4
../2-4/shanx799.krn-3 2,2,0,0,-1,-1,-3,-3,-5,-5,-5,-5,-5,-5,-5,-5
