d:\hsom\src\select\shanx004.krn-0 6,0,6,0,6,0,6,0,6,0,6,0,6,0,6,0,6,0,6,0,6,0,6,0,7,0,7,0,7,0,8,-1
d:\hsom\src\select\shanx004.krn-1 6,0,6,0,6,0,6,0,7,0,7,0,7,0,8,-1,7,0,7,0,7,0,6,0,7,0,5,0,8,-1,6,-1
d:\hsom\src\select\shanx004.krn-2 7,0,7,0,7,0,6,0,7,0,5,0,8,-1,6,-1,7,0,7,0,7,0,7,0,7,0,7,0,7,0,7,0
d:\hsom\src\select\shanx004.krn-3 7,0,7,0,7,0,7,0,7,0,7,0,7,0,7,0,6,0,6,0,6,0,6,0,6,0,6,0,6,0,6,0
d:\hsom\src\select\shanx004.krn-4 6,0,6,0,6,0,6,0,6,0,6,0,6,0,6,0,6,0,6,0,6,0,6,0,7,0,7,0,7,0,8,-1
d:\hsom\src\select\shanx004.krn-5 6,0,6,0,6,0,6,0,7,0,7,0,7,0,8,-1,7,0,7,0,7,0,6,0,7,0,5,0,8,-1,9,-1
d:\hsom\src\select\shanx004.krn-6 7,0,7,0,7,0,6,0,7,0,5,0,8,-1,9,-1,6,-1,6,-1,6,-1,6,-1,6,-1,6,-1,6,-1,6,-1
d:\hsom\src\select\shanx009.krn-0 7,1,7,1,6,1,6,1,7,1,7,1,7,1,7,1,7,1,7,1,5,1,5,1,8,0,8,0,7,0,7,0
d:\hsom\src\select\shanx009.krn-1 7,1,7,1,5,1,5,1,8,0,8,0,7,0,7,0,7,0,7,0,7,1,7,1,7,1,7,1,9,1,5,1
d:\hsom\src\select\shanx009.krn-2 7,0,7,0,7,1,7,1,7,1,7,1,9,1,5,1,8,0,8,0,8,0,8,0,8,0,8,0,8,0,8,0
d:\hsom\src\select\shanx009.krn-3 8,0,8,0,8,0,8,0,8,0,8,0,8,0,8,0,7,1,7,1,6,1,6,1,7,1,7,1,7,1,7,1
d:\hsom\src\select\shanx009.krn-4 7,1,7,1,6,1,6,1,7,1,7,1,7,1,7,1,8,0,8,0,6,0,6,0,6,0,6,0,7,0,7,0
d:\hsom\src\select\shanx009.krn-5 8,0,8,0,6,0,6,0,6,0,6,0,7,0,7,0,7,0,7,0,5,1,5,1,8,0,8,0,6,0,6,0
d:\hsom\src\select\shanx009.krn-6 7,0,7,0,5,1,5,1,8,0,8,0,6,0,6,0,7,0,7,0,7,0,7,0,7,0,7,0,7,0,7,0
d:\hsom\src\select\shanx014.krn-0 9,1,9,1,7,1,7,1,7,1,7,1,9,1,7,1,5,1,8,0,6,0,9,0,7,0,7,0,7,0,7,0
d:\hsom\src\select\shanx014.krn-1 5,1,8,0,6,0,9,0,7,0,7,0,7,0,7,0,7,1,7,1,7,1,7,1,8,0,8,0,6,1,5,1
d:\hsom\src\select\shanx014.krn-2 7,1,7,1,7,1,7,1,8,0,8,0,6,1,5,1,7,1,7,1,7,1,7,1,7,1,7,1,7,1,7,1
d:\hsom\src\select\shanx014.krn-3 7,1,7,1,7,1,7,1,7,1,7,1,7,1,7,1,9,1,9,1,7,1,7,1,7,1,7,1,9,1,7,1
d:\hsom\src\select\shanx014.krn-4 9,1,9,1,7,1,7,1,7,1,7,1,9,1,7,1,5,1,8,0,6,0,9,0,7,0,7,0,7,0,7,0
d:\hsom\src\select\shanx014.krn-5 5,1,8,0,6,0,9,0,7,0,7,0,7,0,7,0,7,1,7,1,7,1,7,1,8,0,8,0,6,1,5,1
d:\hsom\src\select\shanx014.krn-6 7,1,7,1,7,1,7,1,8,0,8,0,6,1,5,1,6,0,6,0,6,0,6,0,6,0,6,0,6,0,6,0
d:\hsom\src\select\shanx015.krn-0 7,1,7,1,9,1,9,1,9,1,9,1,9,1,8,1,7,1,7,1,7,1,7,1,5,1,5,1,5,1,8,0
d:\hsom\src\select\shanx015.krn-1 7,1,7,1,7,1,7,1,5,1,5,1,5,1,8,0,8,0,8,0,6,0,9,0,9,0,9,0,6,0,5,1
d:\hsom\src\select\shanx015.krn-2 8,0,8,0,6,0,9,0,9,0,9,0,6,0,5,1,9,0,9,0,9,0,9,0,9,0,9,0,9,0,9,0
d:\hsom\src\select\shanx015.krn-3 9,0,9,0,9,0,9,0,9,0,9,0,9,0,9,0,7,1,7,1,9,1,9,1,9,1,9,1,9,1,8,1
d:\hsom\src\select\shanx015.krn-4 7,1,7,1,9,1,9,1,9,1,9,1,9,1,8,1,7,1,7,1,7,1,7,1,5,1,5,1,5,1,8,0
d:\hsom\src\select\shanx015.krn-5 7,1,7,1,7,1,7,1,5,1,5,1,5,1,8,0,8,0,8,0,6,0,9,0,9,0,9,0,6,0,5,1
d:\hsom\src\select\shanx015.krn-6 8,0,8,0,6,0,9,0,9,0,9,0,6,0,5,1,8,0,8,0,8,0,8,0,8,0,8,0,8,0,8,0
d:\hsom\src\select\shanx017.krn-0 5,1,5,1,9,1,9,1,7,1,7,1,7,1,7,1,7,1,7,1,5,1,5,1,8,0,8,0,6,0,6,0
d:\hsom\src\select\shanx017.krn-1 7,1,7,1,5,1,5,1,8,0,8,0,6,0,6,0,5,1,5,1,5,1,5,1,7,1,7,1,5,1,5,1
d:\hsom\src\select\shanx017.krn-2 5,1,5,1,5,1,5,1,7,1,7,1,5,1,5,1,7,0,7,0,7,0,7,0,7,0,7,0,7,0,7,0
d:\hsom\src\select\shanx017.krn-3 7,0,7,0,7,0,7,0,7,0,7,0,7,0,7,0,5,1,5,1,9,1,9,1,7,1,7,1,7,1,7,1
d:\hsom\src\select\shanx017.krn-4 5,1,5,1,9,1,9,1,7,1,7,1,7,1,7,1,7,1,7,1,5,1,5,1,8,0,8,0,6,0,6,0
d:\hsom\src\select\shanx017.krn-5 7,1,7,1,5,1,5,1,8,0,8,0,6,0,6,0,5,1,5,1,5,1,5,1,7,1,7,1,5,1,5,1
d:\hsom\src\select\shanx017.krn-6 5,1,5,1,5,1,5,1,7,1,7,1,5,1,5,1,6,0,6,0,6,0,6,0,6,0,6,0,6,0,6,0
d:\hsom\src\select\shanx018.krn-0 6,0,6,0,8,0,8,0,8,0,8,0,6,0,9,0,6,0,6,0,8,0,8,0,6,0,6,0,9,0,7,0
d:\hsom\src\select\shanx018.krn-1 6,0,6,0,8,0,8,0,6,0,6,0,9,0,7,0,8,-1,8,-1,8,-1,8,-1,6,0,6,0,9,0,5,0
d:\hsom\src\select\shanx018.krn-2 8,-1,8,-1,8,-1,8,-1,6,0,6,0,9,0,5,0,8,-1,8,-1,8,-1,8,-1,8,-1,8,-1,8,-1,8,-1
d:\hsom\src\select\shanx018.krn-3 8,-1,8,-1,8,-1,8,-1,8,-1,8,-1,8,-1,8,-1,6,0,6,0,8,0,8,0,8,0,8,0,6,0,9,0
d:\hsom\src\select\shanx018.krn-4 6,0,6,0,8,0,8,0,8,0,8,0,6,0,9,0,6,0,6,0,8,0,8,0,6,0,6,0,9,0,7,0
d:\hsom\src\select\shanx018.krn-5 6,0,6,0,8,0,8,0,6,0,6,0,9,0,7,0,8,-1,8,-1,8,-1,8,-1,6,0,6,0,9,0,5,0
d:\hsom\src\select\shanx018.krn-6 8,-1,8,-1,8,-1,8,-1,6,0,6,0,9,0,5,0,7,0,7,0,7,0,7,0,7,0,7,0,7,0,7,0
d:\hsom\src\select\shanx021.krn-0 9,1,9,1,9,1,9,1,5,1,5,1,5,1,8,1,7,1,7,1,5,1,5,1,5,1,5,1,5,1,9,1
d:\hsom\src\select\shanx021.krn-1 7,1,7,1,5,1,5,1,5,1,5,1,5,1,9,1,6,0,6,0,9,0,9,0,5,0,5,0,5,0,6,0
d:\hsom\src\select\shanx021.krn-2 6,0,6,0,9,0,9,0,5,0,5,0,5,0,6,0,7,0,7,0,7,0,7,0,7,0,7,0,7,0,7,0
d:\hsom\src\select\shanx021.krn-3 7,0,7,0,7,0,7,0,7,0,7,0,7,0,7,0,9,1,9,1,9,1,9,1,5,1,5,1,5,1,8,1
d:\hsom\src\select\shanx021.krn-4 9,1,9,1,9,1,9,1,5,1,5,1,5,1,8,1,7,1,7,1,5,1,5,1,5,1,5,1,5,1,9,1
d:\hsom\src\select\shanx021.krn-5 7,1,7,1,5,1,5,1,5,1,5,1,5,1,9,1,6,0,6,0,9,0,9,0,5,0,5,0,5,0,8,0
d:\hsom\src\select\shanx021.krn-6 6,0,6,0,9,0,9,0,5,0,5,0,5,0,8,0,6,0,6,0,6,0,6,0,6,0,6,0,6,0,6,0
d:\hsom\src\select\shanx025.krn-0 6,0,6,0,8,0,8,0,8,0,8,0,7,1,9,0,6,0,6,0,6,0,6,0,6,0,6,0,9,0,9,0
d:\hsom\src\select\shanx025.krn-1 6,0,6,0,6,0,6,0,6,0,6,0,9,0,9,0,5,0,5,0,8,-1,8,-1,7,0,7,0,9,0,9,0
d:\hsom\src\select\shanx025.krn-2 5,0,5,0,8,-1,8,-1,7,0,7,0,9,0,9,0,8,-1,8,-1,8,-1,8,-1,8,-1,8,-1,8,-1,8,-1
d:\hsom\src\select\shanx025.krn-3 8,-1,8,-1,8,-1,8,-1,8,-1,8,-1,8,-1,8,-1,6,0,6,0,8,0,8,0,8,0,8,0,7,1,9,0
d:\hsom\src\select\shanx025.krn-4 6,0,6,0,8,0,8,0,8,0,8,0,7,1,9,0,6,0,6,0,6,0,6,0,6,0,6,0,9,0,9,0
d:\hsom\src\select\shanx025.krn-5 6,0,6,0,6,0,6,0,6,0,6,0,9,0,9,0,5,0,5,0,8,-1,8,-1,6,0,6,0,9,0,5,0
d:\hsom\src\select\shanx025.krn-6 5,0,5,0,8,-1,8,-1,6,0,6,0,9,0,5,0,7,0,7,0,7,0,7,0,7,0,7,0,7,0,7,0
d:\hsom\src\select\shanx029.krn-0 8,0,8,0,8,0,8,0,8,0,8,0,9,0,9,0,9,0,9,0,9,0,5,1,8,0,8,0,8,0,8,0
d:\hsom\src\select\shanx029.krn-1 9,0,9,0,9,0,5,1,8,0,8,0,8,0,8,0,8,0,8,0,8,0,7,1,6,1,6,1,9,0,7,0
d:\hsom\src\select\shanx029.krn-2 8,0,8,0,8,0,7,1,6,1,6,1,9,0,7,0,9,0,9,0,9,0,9,0,9,0,9,0,9,0,9,0
d:\hsom\src\select\shanx029.krn-3 9,0,9,0,9,0,9,0,9,0,9,0,9,0,9,0,8,0,8,0,8,0,5,1,8,0,8,0,8,0,8,0
d:\hsom\src\select\shanx029.krn-4 8,0,8,0,8,0,5,1,8,0,8,0,8,0,8,0,8,0,8,0,8,0,7,1,6,0,6,0,9,0,7,0
d:\hsom\src\select\shanx029.krn-5 8,0,8,0,8,0,7,1,6,0,6,0,9,0,7,0,9,0,9,0,10,-1,10,-1,8,-1,8,-1,9,-1,9,-1
d:\hsom\src\select\shanx029.krn-6 9,0,9,0,10,-1,10,-1,8,-1,8,-1,9,-1,9,-1,8,-1,8,-1,8,-1,8,-1,8,-1,8,-1,8,-1,8,-1
d:\hsom\src\select\shanx031.krn-0 9,1,9,1,9,1,9,1,9,1,9,1,9,1,7,1,5,1,8,0,6,1,6,1,6,1,6,1,9,1,9,1
d:\hsom\src\select\shanx031.krn-1 5,1,8,0,6,1,6,1,6,1,6,1,9,1,9,1,7,1,7,1,5,1,8,0,5,1,5,1,9,1,6,1
d:\hsom\src\select\shanx031.krn-2 7,1,7,1,5,1,8,0,5,1,5,1,9,1,6,1,5,1,5,1,5,1,5,1,5,1,5,1,5,1,5,1
d:\hsom\src\select\shanx031.krn-3 5,1,5,1,5,1,5,1,5,1,5,1,5,1,5,1,5,1,5,1,9,1,9,1,9,1,9,1,9,1,7,1
d:\hsom\src\select\shanx031.krn-4 5,1,5,1,9,1,9,1,9,1,9,1,9,1,7,1,5,1,8,0,6,1,6,1,6,1,6,1,9,1,9,1
d:\hsom\src\select\shanx031.krn-5 5,1,8,0,6,1,6,1,6,1,6,1,9,1,9,1,7,1,7,1,5,1,8,0,5,1,5,1,9,1,6,1
d:\hsom\src\select\shanx031.krn-6 7,1,7,1,5,1,8,0,5,1,5,1,9,1,6,1,5,1,5,1,5,1,8,0,6,0,6,0,6,0,6,0
d:\hsom\src\select\shanx036.krn-0 7,1,7,1,8,0,8,0,8,0,8,0,6,0,8,0,7,1,7,1,6,0,6,0,6,0,6,0,9,0,9,0
d:\hsom\src\select\shanx036.krn-1 7,1,7,1,6,0,6,0,6,0,6,0,9,0,9,0,9,0,9,0,7,0,7,0,5,0,5,0,8,-1,8,-1
d:\hsom\src\select\shanx036.krn-2 9,0,9,0,7,0,7,0,5,0,5,0,8,-1,8,-1,8,0,8,0,8,0,8,0,8,0,8,0,8,0,8,0
d:\hsom\src\select\shanx036.krn-3 8,0,8,0,8,0,8,0,8,0,8,0,8,0,8,0,7,1,7,1,8,0,8,0,8,0,8,0,6,0,8,0
d:\hsom\src\select\shanx036.krn-4 7,1,7,1,8,0,8,0,8,0,8,0,6,0,8,0,7,1,7,1,6,0,6,0,6,0,6,0,9,0,9,0
d:\hsom\src\select\shanx036.krn-5 7,1,7,1,6,0,6,0,6,0,6,0,9,0,9,0,9,0,9,0,7,0,7,0,5,0,5,0,8,-1,8,-1
d:\hsom\src\select\shanx036.krn-6 9,0,9,0,7,0,7,0,5,0,5,0,8,-1,8,-1,7,0,7,0,7,0,7,0,7,0,7,0,7,0,7,0
d:\hsom\src\select\shanx037.krn-0 7,1,7,1,7,1,7,1,6,1,6,1,5,1,5,1,8,0,8,0,6,0,6,0,9,0,9,0,7,0,7,0
d:\hsom\src\select\shanx037.krn-1 8,0,8,0,6,0,6,0,9,0,9,0,7,0,7,0,7,1,7,1,7,1,7,1,6,1,6,1,5,1,5,1
d:\hsom\src\select\shanx037.krn-2 7,1,7,1,7,1,7,1,6,1,6,1,5,1,5,1,8,0,8,0,8,0,8,0,8,0,8,0,8,0,8,0
d:\hsom\src\select\shanx037.krn-3 8,0,8,0,8,0,8,0,8,0,8,0,8,0,8,0,7,1,7,1,7,1,7,1,6,1,6,1,5,1,5,1
d:\hsom\src\select\shanx037.krn-4 7,1,7,1,7,1,7,1,6,1,6,1,5,1,5,1,8,0,8,0,6,0,6,0,9,0,9,0,7,0,7,0
d:\hsom\src\select\shanx037.krn-5 8,0,8,0,6,0,6,0,9,0,9,0,7,0,7,0,6,0,6,0,6,0,6,0,8,0,8,0,9,0,9,0
d:\hsom\src\select\shanx037.krn-6 6,0,6,0,6,0,6,0,8,0,8,0,9,0,9,0,7,0,7,0,7,0,7,0,7,0,7,0,7,0,7,0
d:\hsom\src\select\shanx040.krn-0 6,0,6,0,8,0,8,0,7,0,7,0,7,0,7,0,6,0,6,0,8,0,8,0,7,1,7,1,6,1,6,1
d:\hsom\src\select\shanx040.krn-1 6,0,6,0,8,0,8,0,7,1,7,1,6,1,6,1,5,1,5,1,8,0,8,0,6,0,6,0,5,1,5,1
d:\hsom\src\select\shanx040.krn-2 5,1,5,1,8,0,8,0,6,0,6,0,5,1,5,1,8,0,8,0,8,0,8,0,8,0,8,0,8,0,8,0
d:\hsom\src\select\shanx040.krn-3 8,0,8,0,8,0,8,0,8,0,8,0,8,0,8,0,6,0,6,0,8,0,8,0,7,0,7,0,7,0,7,0
d:\hsom\src\select\shanx040.krn-4 6,0,6,0,8,0,8,0,7,0,7,0,7,0,7,0,6,0,6,0,8,0,8,0,7,1,7,1,6,1,6,1
d:\hsom\src\select\shanx040.krn-5 6,0,6,0,8,0,8,0,7,1,7,1,6,1,6,1,5,1,5,1,8,0,8,0,6,0,6,0,8,0,8,0
d:\hsom\src\select\shanx040.krn-6 5,1,5,1,8,0,8,0,6,0,6,0,8,0,8,0,6,0,6,0,6,0,6,0,6,0,6,0,6,0,6,0
d:\hsom\src\select\shanx043.krn-0 9,0,9,0,9,0,9,0,8,0,8,0,8,0,8,0,8,-1,8,-1,6,-1,6,-1,9,-1,9,-1,9,-1,9,-1
d:\hsom\src\select\shanx043.krn-1 8,-1,8,-1,6,-1,6,-1,9,-1,9,-1,9,-1,9,-1,7,0,7,0,7,0,7,0,9,0,9,0,6,0,6,0
d:\hsom\src\select\shanx043.krn-2 7,0,7,0,7,0,7,0,9,0,9,0,6,0,6,0,9,0,9,0,9,0,9,0,9,0,9,0,9,0,9,0
d:\hsom\src\select\shanx043.krn-3 9,0,9,0,9,0,9,0,9,0,9,0,9,0,9,0,9,0,9,0,9,0,9,0,8,0,8,0,8,0,8,0
d:\hsom\src\select\shanx043.krn-4 9,0,9,0,9,0,9,0,8,0,8,0,8,0,8,0,8,-1,8,-1,6,-1,6,-1,9,-1,9,-1,9,-1,9,-1
d:\hsom\src\select\shanx043.krn-5 8,-1,8,-1,6,-1,6,-1,9,-1,9,-1,9,-1,9,-1,7,0,7,0,7,0,7,0,9,0,6,0,5,0,5,0
d:\hsom\src\select\shanx043.krn-6 7,0,7,0,7,0,7,0,9,0,6,0,5,0,5,0,8,-1,8,-1,8,-1,8,-1,8,-1,8,-1,8,-1,8,-1
d:\hsom\src\select\shanx045.krn-0 6,0,6,0,11,0,6,0,8,0,8,0,8,0,8,0,8,0,8,0,7,1,7,1,5,1,5,1,8,0,8,0
d:\hsom\src\select\shanx045.krn-1 8,0,8,0,7,1,7,1,5,1,5,1,8,0,8,0,6,0,6,0,11,0,11,0,6,0,6,0,5,1,5,1
d:\hsom\src\select\shanx045.krn-2 6,0,6,0,11,0,11,0,6,0,6,0,5,1,5,1,8,0,8,0,8,0,8,0,8,0,8,0,8,0,8,0
d:\hsom\src\select\shanx045.krn-3 8,0,8,0,8,0,8,0,8,0,8,0,8,0,8,0,6,0,6,0,11,0,6,0,8,0,8,0,8,0,8,0
d:\hsom\src\select\shanx045.krn-4 6,0,6,0,11,0,6,0,8,0,8,0,8,0,8,0,8,0,8,0,7,1,7,1,5,1,5,1,8,0,8,0
d:\hsom\src\select\shanx045.krn-5 8,0,8,0,7,1,7,1,5,1,5,1,8,0,8,0,6,0,6,0,11,0,11,0,6,0,6,0,8,0,8,0
d:\hsom\src\select\shanx045.krn-6 6,0,6,0,11,0,11,0,6,0,6,0,8,0,8,0,6,0,6,0,6,0,6,0,6,0,6,0,6,0,6,0
d:\hsom\src\select\shanx057.krn-0 9,0,9,0,9,0,6,0,9,0,9,0,9,0,9,0,9,0,9,0,9,0,8,-1,6,-1,6,-1,6,-1,6,-1
d:\hsom\src\select\shanx057.krn-1 9,0,9,0,9,0,8,-1,6,-1,6,-1,6,-1,6,-1,8,-1,8,-1,5,0,5,0,5,0,5,0,5,0,5,0
d:\hsom\src\select\shanx057.krn-2 8,-1,8,-1,5,0,5,0,5,0,5,0,5,0,5,0,9,0,9,0,5,0,5,0,10,-1,10,-1,8,-1,8,-1
d:\hsom\src\select\shanx057.krn-3 9,0,9,0,5,0,5,0,10,-1,10,-1,8,-1,8,-1,6,-1,6,-1,6,-1,6,-1,6,-1,6,-1,6,-1,6,-1
d:\hsom\src\select\shanx057.krn-4 6,-1,6,-1,6,-1,6,-1,6,-1,6,-1,6,-1,6,-1,6,-1,6,-1,8,-1,8,-1,6,-1,6,-1,8,-1,8,-1
d:\hsom\src\select\shanx057.krn-5 6,-1,6,-1,8,-1,8,-1,6,-1,6,-1,8,-1,8,-1,6,0,6,0,9,0,9,0,9,0,9,0,6,0,6,0
d:\hsom\src\select\shanx057.krn-6 6,0,6,0,9,0,9,0,9,0,9,0,6,0,6,0,5,0,5,0,5,0,5,0,9,-1,9,-1,6,-1,6,-1
d:\hsom\src\select\shanx057.krn-7 5,0,5,0,5,0,5,0,9,-1,9,-1,6,-1,6,-1,7,0,7,0,5,0,5,0,10,-1,10,-1,8,-1,8,-1
d:\hsom\src\select\shanx057.krn-8 7,0,7,0,5,0,5,0,10,-1,10,-1,8,-1,8,-1,6,-1,6,-1,6,-1,6,-1,6,-1,6,-1,6,-1,6,-1
d:\hsom\src\select\shanx070.krn-0 8,0,8,0,8,0,8,0,6,0,6,0,9,0,9,0,8,0,8,0,8,0,8,0,6,0,6,0,9,0,9,0
d:\hsom\src\select\shanx070.krn-1 8,0,8,0,8,0,8,0,6,0,6,0,9,0,9,0,6,0,6,0,6,0,6,0,8,0,8,0,9,0,9,0
d:\hsom\src\select\shanx070.krn-2 6,0,6,0,6,0,6,0,8,0,8,0,9,0,9,0,7,0,7,0,5,0,5,0,8,-1,8,-1,8,-1,8,-1
d:\hsom\src\select\shanx070.krn-3 7,0,7,0,5,0,5,0,8,-1,8,-1,8,-1,8,-1,5,1,5,1,5,1,5,1,10,0,10,0,8,0,8,0
d:\hsom\src\select\shanx070.krn-4 5,1,5,1,5,1,5,1,10,0,10,0,8,0,8,0,6,0,6,0,6,0,6,0,9,0,9,0,7,0,7,0
d:\hsom\src\select\shanx070.krn-5 6,0,6,0,6,0,6,0,9,0,9,0,7,0,7,0,6,0,6,0,5,0,5,0,7,0,7,0,8,-1,8,-1
d:\hsom\src\select\shanx070.krn-6 6,0,6,0,5,0,5,0,7,0,7,0,8,-1,8,-1,6,-1,6,-1,6,-1,6,-1,6,-1,6,-1,6,-1,6,-1
d:\hsom\src\select\shanx072.krn-0 8,0,8,0,8,0,8,0,8,0,8,0,6,0,6,0,8,0,8,0,8,0,8,0,8,0,8,0,6,0,6,0
d:\hsom\src\select\shanx072.krn-1 8,0,8,0,8,0,8,0,8,0,8,0,6,0,6,0,6,0,6,0,8,0,8,0,5,1,5,1,5,1,5,1
d:\hsom\src\select\shanx072.krn-2 6,0,6,0,8,0,8,0,5,1,5,1,5,1,5,1,5,1,5,1,8,0,8,0,6,0,6,0,6,0,6,0
d:\hsom\src\select\shanx072.krn-3 5,1,5,1,8,0,8,0,6,0,6,0,6,0,6,0,6,0,6,0,8,0,8,0,5,1,5,1,5,1,5,1
d:\hsom\src\select\shanx072.krn-4 6,0,6,0,8,0,8,0,5,1,5,1,5,1,5,1,5,1,5,1,8,0,8,0,6,0,6,0,5,1,5,1
d:\hsom\src\select\shanx072.krn-5 5,1,5,1,8,0,8,0,6,0,6,0,5,1,5,1,8,0,8,0,6,0,6,0,9,0,9,0,7,0,7,0
d:\hsom\src\select\shanx072.krn-6 8,0,8,0,6,0,6,0,9,0,9,0,7,0,7,0,5,0,5,0,5,0,5,0,5,0,5,0,5,0,5,0
d:\hsom\src\select\shanx072.krn-7 5,0,5,0,5,0,5,0,5,0,5,0,5,0,5,0,6,0,6,0,8,-1,8,-1,5,0,5,0,5,0,5,0
d:\hsom\src\select\shanx072.krn-8 6,0,6,0,8,-1,8,-1,5,0,5,0,5,0,5,0,7,0,7,0,4,0,4,0,4,0,4,0,8,0,8,0
d:\hsom\src\select\shanx072.krn-9 7,0,7,0,4,0,4,0,4,0,4,0,8,0,8,0,6,0,6,0,4,0,4,0,7,0,7,0,4,0,4,0
d:\hsom\src\select\shanx072.krn-10 6,0,6,0,4,0,4,0,7,0,7,0,4,0,4,0,6,0,6,0,6,0,6,0,6,0,6,0,6,0,6,0
d:\hsom\src\select\shanx072.krn-11 6,0,6,0,6,0,6,0,6,0,6,0,6,0,6,0,6,0,6,0,6,0,6,0,6,0,6,0,8,0,8,0
d:\hsom\src\select\shanx072.krn-12 6,0,6,0,6,0,6,0,6,0,6,0,8,0,8,0,5,1,5,1,5,1,5,1,5,1,5,1,8,0,8,0
d:\hsom\src\select\shanx072.krn-13 5,1,5,1,5,1,5,1,5,1,5,1,8,0,8,0,4,0,4,0,4,0,4,0,6,0,6,0,6,0,6,0
d:\hsom\src\select\shanx072.krn-14 4,0,4,0,4,0,4,0,6,0,6,0,6,0,6,0,4,0,4,0,7,0,7,0,5,0,5,0,5,0,5,0
d:\hsom\src\select\shanx075.krn-0 6,0,6,0,7,0,7,0,6,0,8,0,6,0,6,0,7,0,7,0,6,0,6,0,7,0,5,0,10,-1,10,-1
d:\hsom\src\select\shanx075.krn-1 7,0,7,0,6,0,6,0,7,0,5,0,10,-1,10,-1,6,0,8,0,6,0,6,0,6,0,6,0,7,0,5,0
d:\hsom\src\select\shanx075.krn-2 6,0,8,0,6,0,6,0,6,0,6,0,7,0,5,0,10,-1,5,0,7,0,5,0,6,-1,6,-1,6,-1,6,-1
d:\hsom\src\select\shanx075.krn-3 10,-1,5,0,7,0,5,0,6,-1,6,-1,6,-1,6,-1,6,0,8,0,6,0,6,0,6,0,7,0,5,0,5,0
d:\hsom\src\select\shanx075.krn-4 6,0,8,0,6,0,6,0,6,0,7,0,5,0,5,0,6,0,8,0,6,0,6,0,7,0,9,0,7,0,5,0
d:\hsom\src\select\shanx075.krn-5 6,0,8,0,6,0,6,0,7,0,9,0,7,0,5,0,10,-1,5,0,7,0,5,0,6,-1,6,-1,6,-1,6,-1
d:\hsom\src\select\shanx093.krn-0 6,0,6,0,6,0,8,0,6,0,6,0,6,0,6,0,6,0,6,0,9,0,7,0,5,0,5,0,5,0,5,0
d:\hsom\src\select\shanx093.krn-1 6,0,6,0,9,0,7,0,5,0,5,0,5,0,5,0,7,0,7,0,6,0,6,0,8,0,8,0,9,0,7,0
d:\hsom\src\select\shanx093.krn-2 7,0,7,0,6,0,6,0,8,0,8,0,9,0,7,0,7,0,7,0,8,-1,8,-1,6,-1,6,-1,6,-1,6,-1
d:\hsom\src\select\shanx093.krn-3 7,0,7,0,8,-1,8,-1,6,-1,6,-1,6,-1,6,-1,9,0,7,0,5,0,8,-1,5,0,5,0,5,0,5,0
d:\hsom\src\select\shanx093.krn-4 9,0,7,0,5,0,8,-1,5,0,5,0,5,0,5,0,7,0,7,0,6,0,6,0,8,0,8,0,9,0,7,0
d:\hsom\src\select\shanx093.krn-5 7,0,7,0,6,0,6,0,8,0,8,0,9,0,7,0,7,0,7,0,8,-1,8,-1,6,-1,6,-1,6,-1,6,-1
d:\hsom\src\select\shanx105.krn-0 5,1,5,1,8,0,5,1,6,0,6,0,6,0,6,0,6,0,6,0,5,1,5,1,8,0,8,0,6,0,6,0
d:\hsom\src\select\shanx105.krn-1 6,0,6,0,5,1,5,1,8,0,8,0,6,0,6,0,5,1,5,1,8,0,6,0,9,0,9,0,7,0,7,0
d:\hsom\src\select\shanx105.krn-2 5,1,5,1,8,0,6,0,9,0,9,0,7,0,7,0,5,0,5,0,5,0,5,0,8,-1,8,-1,6,-1,6,-1
d:\hsom\src\select\shanx105.krn-3 5,0,5,0,5,0,5,0,8,-1,8,-1,6,-1,6,-1,5,1,5,1,6,0,6,0,5,1,5,1,8,0,8,0
d:\hsom\src\select\shanx105.krn-4 5,1,5,1,6,0,6,0,5,1,5,1,8,0,8,0,6,0,6,0,6,0,6,0,9,0,9,0,7,0,5,0
d:\hsom\src\select\shanx105.krn-5 6,0,6,0,6,0,6,0,9,0,9,0,7,0,5,0,7,0,7,0,8,-1,8,-1,6,-1,6,-1,5,0,5,0
d:\hsom\src\select\shanx105.krn-6 7,0,7,0,8,-1,8,-1,6,-1,6,-1,5,0,5,0,6,-1,6,-1,6,-1,6,-1,6,-1,6,-1,6,-1,6,-1
d:\hsom\src\select\shanx106.krn-0 5,1,5,1,7,1,7,1,9,1,9,1,7,1,5,1,8,0,8,0,6,0,9,0,7,0,7,0,7,0,7,0
d:\hsom\src\select\shanx106.krn-1 8,0,8,0,6,0,9,0,7,0,7,0,7,0,7,0,5,1,5,1,7,1,7,1,9,1,9,1,7,1,5,1
d:\hsom\src\select\shanx106.krn-2 5,1,5,1,7,1,7,1,9,1,9,1,7,1,5,1,8,0,8,0,8,0,8,0,8,0,8,0,8,0,8,0
d:\hsom\src\select\shanx106.krn-3 8,0,8,0,8,0,8,0,8,0,8,0,8,0,8,0,5,1,5,1,7,1,7,1,9,1,9,1,7,1,5,1
d:\hsom\src\select\shanx106.krn-4 5,1,5,1,7,1,7,1,9,1,9,1,7,1,5,1,8,0,8,0,6,0,9,0,7,0,7,0,7,0,7,0
d:\hsom\src\select\shanx106.krn-5 8,0,8,0,6,0,9,0,7,0,7,0,7,0,7,0,6,0,6,0,5,1,5,1,8,0,8,0,6,0,9,0
d:\hsom\src\select\shanx106.krn-6 6,0,6,0,5,1,5,1,8,0,8,0,6,0,9,0,6,0,6,0,6,0,6,0,6,0,6,0,6,0,6,0
d:\hsom\src\select\shanx157.krn-0 8,0,8,0,8,0,6,0,9,0,9,0,6,0,6,0,8,0,8,0,8,0,6,0,9,0,9,0,6,0,6,0
d:\hsom\src\select\shanx157.krn-1 8,0,8,0,8,0,6,0,9,0,9,0,6,0,6,0,8,0,8,0,8,0,5,1,9,0,6,0,9,0,6,0
d:\hsom\src\select\shanx157.krn-2 8,0,8,0,8,0,5,1,9,0,6,0,9,0,6,0,8,0,8,0,8,0,8,0,8,0,8,0,8,0,8,0
d:\hsom\src\select\shanx157.krn-3 8,0,8,0,8,0,8,0,8,0,8,0,8,0,8,0,6,0,6,0,6,0,8,0,7,1,7,1,10,0,10,0
d:\hsom\src\select\shanx157.krn-4 6,0,6,0,6,0,8,0,7,1,7,1,10,0,10,0,8,0,8,0,8,0,8,0,8,0,8,0,6,0,6,0
d:\hsom\src\select\shanx157.krn-5 8,0,8,0,8,0,8,0,8,0,8,0,6,0,6,0,9,0,9,0,8,0,8,0,5,0,5,0,7,0,7,0
d:\hsom\src\select\shanx157.krn-6 9,0,9,0,8,0,8,0,5,0,5,0,7,0,7,0,9,0,9,0,8,0,8,0,5,0,5,0,7,0,7,0
d:\hsom\src\select\shanx157.krn-7 9,0,9,0,8,0,8,0,5,0,5,0,7,0,7,0,5,0,5,0,5,0,7,0,6,0,6,0,10,-1,10,-1
d:\hsom\src\select\shanx157.krn-8 5,0,5,0,5,0,7,0,6,0,6,0,10,-1,10,-1,8,-1,8,-1,8,-1,8,-1,8,-1,8,-1,8,-1,8,-1
d:\hsom\src\select\shanx159.krn-0 9,0,9,0,6,0,6,0,8,0,8,0,6,0,8,0,5,1,5,1,8,0,8,0,6,0,6,0,8,0,8,0
d:\hsom\src\select\shanx159.krn-1 5,1,5,1,8,0,8,0,6,0,6,0,8,0,8,0,7,0,7,0,6,0,6,0,8,0,6,0,9,0,7,0
d:\hsom\src\select\shanx159.krn-2 7,0,7,0,6,0,6,0,8,0,6,0,9,0,7,0,5,0,5,0,5,0,5,0,5,0,5,0,5,0,5,0
d:\hsom\src\select\shanx159.krn-3 5,0,5,0,5,0,5,0,5,0,5,0,5,0,5,0,9,0,9,0,6,0,6,0,8,0,8,0,6,0,8,0
d:\hsom\src\select\shanx159.krn-4 9,0,9,0,6,0,6,0,8,0,8,0,6,0,8,0,9,0,9,0,8,0,8,0,6,0,6,0,7,0,7,0
d:\hsom\src\select\shanx159.krn-5 9,0,9,0,8,0,8,0,6,0,6,0,7,0,7,0,5,0,5,0,10,-1,8,-1,6,-1,6,-1,6,-1,6,-1
d:\hsom\src\select\shanx159.krn-6 5,0,5,0,10,-1,8,-1,6,-1,6,-1,6,-1,6,-1,5,0,5,0,6,-1,8,-1,10,-1,10,-1,8,-1,8,-1
d:\hsom\src\select\shanx159.krn-7 5,0,5,0,6,-1,8,-1,10,-1,10,-1,8,-1,8,-1,6,-1,6,-1,6,-1,6,-1,6,-1,6,-1,6,-1,6,-1
d:\hsom\src\select\shanx161.krn-0 6,0,6,0,6,0,6,0,6,0,6,0,8,0,8,0,6,0,6,0,6,0,6,0,4,0,4,0,9,0,9,0
d:\hsom\src\select\shanx161.krn-1 6,0,6,0,6,0,6,0,4,0,4,0,9,0,9,0,7,0,7,0,7,0,7,0,7,0,7,0,9,0,9,0
d:\hsom\src\select\shanx161.krn-2 7,0,7,0,7,0,7,0,7,0,7,0,9,0,9,0,6,0,6,0,6,0,6,0,6,0,6,0,6,0,6,0
d:\hsom\src\select\shanx161.krn-3 6,0,6,0,6,0,6,0,6,0,6,0,6,0,6,0,9,0,9,0,9,0,9,0,9,0,9,0,7,0,7,0
d:\hsom\src\select\shanx161.krn-4 9,0,9,0,9,0,9,0,9,0,9,0,7,0,7,0,5,0,5,0,5,0,5,0,5,0,5,0,5,0,5,0
d:\hsom\src\select\shanx161.krn-5 5,0,5,0,5,0,5,0,5,0,5,0,5,0,5,0,6,0,6,0,6,0,6,0,6,0,6,0,9,0,9,0
d:\hsom\src\select\shanx161.krn-6 6,0,6,0,6,0,6,0,6,0,6,0,9,0,9,0,7,0,7,0,7,0,7,0,7,0,7,0,9,0,9,0
d:\hsom\src\select\shanx161.krn-7 7,0,7,0,7,0,7,0,7,0,7,0,9,0,9,0,6,-1,6,-1,6,-1,6,-1,6,-1,6,-1,8,-1,8,-1
d:\hsom\src\select\shanx161.krn-8 6,-1,6,-1,6,-1,6,-1,6,-1,6,-1,8,-1,8,-1,5,0,5,0,5,0,5,0,5,0,5,0,5,0,5,0
d:\hsom\src\select\shanx161.krn-9 5,0,5,0,5,0,5,0,5,0,5,0,5,0,5,0,9,0,9,0,7,0,7,0,5,0,5,0,8,-1,8,-1
d:\hsom\src\select\shanx161.krn-10 9,0,9,0,7,0,7,0,5,0,5,0,8,-1,8,-1,6,-1,6,-1,6,-1,6,-1,6,-1,6,-1,6,-1,6,-1
d:\hsom\src\select\shanx166.krn-0 6,0,6,0,8,0,6,0,7,0,7,0,7,0,7,0,8,0,8,0,6,0,9,0,7,0,7,0,7,0,7,0
d:\hsom\src\select\shanx166.krn-1 8,0,8,0,6,0,9,0,7,0,7,0,7,0,7,0,6,0,6,0,6,0,6,0,8,0,8,0,6,0,9,0
d:\hsom\src\select\shanx166.krn-2 6,0,6,0,6,0,6,0,8,0,8,0,6,0,9,0,7,0,9,0,7,0,5,0,8,-1,8,-1,8,-1,8,-1
d:\hsom\src\select\shanx166.krn-3 7,0,9,0,7,0,5,0,8,-1,8,-1,8,-1,8,-1,7,0,7,0,7,0,7,0,6,0,6,0,6,0,6,0
d:\hsom\src\select\shanx166.krn-4 7,0,7,0,7,0,7,0,6,0,6,0,6,0,6,0,8,-1,8,-1,5,0,5,0,4,0,4,0,4,0,4,0
d:\hsom\src\select\shanx166.krn-5 8,-1,8,-1,5,0,5,0,4,0,4,0,4,0,4,0,8,-1,8,-1,8,-1,5,0,8,-1,8,-1,6,-1,9,-1
d:\hsom\src\select\shanx166.krn-6 8,-1,8,-1,8,-1,5,0,8,-1,8,-1,6,-1,9,-1,7,-1,7,-1,7,-1,7,-1,7,-1,7,-1,7,-1,7,-1
d:\hsom\src\select\shanx167.krn-0 5,0,5,0,7,0,9,0,10,-1,10,-1,8,-1,8,-1,6,0,6,0,8,0,5,1,6,0,6,0,6,0,6,0
d:\hsom\src\select\shanx167.krn-1 6,0,6,0,8,0,5,1,6,0,6,0,6,0,6,0,9,0,9,0,7,0,9,0,5,0,5,0,8,-1,5,0
d:\hsom\src\select\shanx167.krn-2 9,0,9,0,7,0,9,0,5,0,5,0,8,-1,5,0,7,0,7,0,7,0,7,0,7,0,7,0,7,0,7,0
d:\hsom\src\select\shanx167.krn-3 7,0,7,0,7,0,7,0,7,0,7,0,7,0,7,0,6,0,6,0,8,0,5,1,6,0,6,0,4,0,9,0
d:\hsom\src\select\shanx167.krn-4 6,0,6,0,8,0,5,1,6,0,6,0,4,0,9,0,7,0,7,0,9,0,9,0,6,0,6,0,6,0,6,0
d:\hsom\src\select\shanx167.krn-5 7,0,7,0,9,0,9,0,6,0,6,0,6,0,6,0,5,0,5,0,10,-1,8,-1,6,-1,6,-1,7,-1,7,-1
d:\hsom\src\select\shanx167.krn-6 5,0,5,0,10,-1,8,-1,6,-1,6,-1,7,-1,7,-1,6,-1,6,-1,6,-1,6,-1,6,-1,6,-1,6,-1,6,-1
d:\hsom\src\select\shanx178.krn-0 9,1,9,1,9,1,9,1,9,1,9,1,9,1,9,1,6,1,6,1,6,1,6,1,5,1,5,1,5,1,5,1
d:\hsom\src\select\shanx178.krn-1 6,1,6,1,6,1,6,1,5,1,5,1,5,1,5,1,7,1,7,1,5,1,5,1,8,0,8,0,5,1,5,1
d:\hsom\src\select\shanx178.krn-2 7,1,7,1,5,1,5,1,8,0,8,0,5,1,5,1,7,1,7,1,7,1,7,1,7,1,7,1,7,1,7,1
d:\hsom\src\select\shanx178.krn-3 7,1,7,1,7,1,7,1,7,1,7,1,7,1,7,1,9,1,9,1,5,1,5,1,5,1,5,1,5,1,5,1
d:\hsom\src\select\shanx178.krn-4 9,1,9,1,5,1,5,1,5,1,5,1,5,1,5,1,7,1,7,1,7,1,7,1,7,1,7,1,8,0,8,0
d:\hsom\src\select\shanx178.krn-5 7,1,7,1,7,1,7,1,7,1,7,1,8,0,8,0,6,0,6,0,8,0,8,0,6,0,6,0,9,0,9,0
d:\hsom\src\select\shanx178.krn-6 6,0,6,0,8,0,8,0,6,0,6,0,9,0,9,0,6,0,6,0,6,0,6,0,6,0,6,0,6,0,6,0
d:\hsom\src\select\shanx184.krn-0 9,1,9,1,9,1,9,1,5,1,5,1,7,1,7,1,6,1,6,1,6,1,6,1,5,1,5,1,8,0,8,0
d:\hsom\src\select\shanx184.krn-1 6,1,6,1,6,1,6,1,5,1,5,1,8,0,8,0,9,1,9,1,5,1,5,1,5,1,5,1,7,1,9,1
d:\hsom\src\select\shanx184.krn-2 9,1,9,1,5,1,5,1,5,1,5,1,7,1,9,1,5,1,5,1,10,0,8,0,6,0,6,0,6,0,6,0
d:\hsom\src\select\shanx184.krn-3 5,1,5,1,10,0,8,0,6,0,6,0,6,0,6,0,9,1,9,1,5,1,5,1,5,1,5,1,7,1,7,1
d:\hsom\src\select\shanx184.krn-4 9,1,9,1,5,1,5,1,5,1,5,1,7,1,7,1,6,0,6,0,5,1,5,1,10,0,10,0,8,0,8,0
d:\hsom\src\select\shanx184.krn-5 6,0,6,0,5,1,5,1,10,0,10,0,8,0,8,0,6,0,6,0,8,0,8,0,8,0,8,0,6,0,9,0
d:\hsom\src\select\shanx184.krn-6 6,0,6,0,8,0,8,0,8,0,8,0,6,0,9,0,6,0,6,0,6,0,6,0,6,0,6,0,6,0,6,0
d:\hsom\src\select\shanx187.krn-0 7,0,7,0,7,0,7,0,7,0,7,0,7,0,7,0,9,0,9,0,7,0,7,0,9,0,9,0,6,0,6,0
d:\hsom\src\select\shanx187.krn-1 9,0,9,0,7,0,7,0,9,0,9,0,6,0,6,0,7,0,7,0,5,0,5,0,8,-1,8,-1,6,-1,6,-1
d:\hsom\src\select\shanx187.krn-2 7,0,7,0,5,0,5,0,8,-1,8,-1,6,-1,6,-1,9,-1,9,-1,9,-1,9,-1,9,-1,9,-1,9,-1,9,-1
d:\hsom\src\select\shanx187.krn-3 9,-1,9,-1,9,-1,9,-1,9,-1,9,-1,9,-1,9,-1,9,0,9,0,9,0,9,0,9,0,9,0,7,0,7,0
d:\hsom\src\select\shanx187.krn-4 9,0,9,0,9,0,9,0,9,0,9,0,7,0,7,0,8,-1,8,-1,5,0,5,0,7,0,7,0,9,0,9,0
d:\hsom\src\select\shanx187.krn-5 8,-1,8,-1,5,0,5,0,7,0,7,0,9,0,9,0,7,0,7,0,7,0,8,-1,6,-1,6,-1,9,-1,9,-1
d:\hsom\src\select\shanx187.krn-6 7,0,7,0,7,0,8,-1,6,-1,6,-1,9,-1,9,-1,6,-1,6,-1,6,-1,6,-1,6,-1,6,-1,6,-1,6,-1
d:\hsom\src\select\shanx197.krn-0 9,0,9,0,6,0,6,0,9,0,9,0,6,0,6,0,5,1,5,1,8,0,5,1,6,0,6,0,6,0,6,0
d:\hsom\src\select\shanx197.krn-1 5,1,5,1,8,0,5,1,6,0,6,0,6,0,6,0,9,0,9,0,5,0,5,0,7,0,7,0,7,0,7,0
d:\hsom\src\select\shanx197.krn-2 9,0,9,0,5,0,5,0,7,0,7,0,7,0,7,0,5,1,5,1,8,0,5,1,6,0,6,0,6,0,6,0
d:\hsom\src\select\shanx197.krn-3 5,1,5,1,8,0,5,1,6,0,6,0,6,0,6,0,9,0,9,0,5,0,5,0,7,0,7,0,7,0,7,0
d:\hsom\src\select\shanx197.krn-4 9,0,9,0,5,0,5,0,7,0,7,0,7,0,7,0,7,0,7,0,7,0,7,0,6,0,6,0,6,0,6,0
d:\hsom\src\select\shanx197.krn-5 7,0,7,0,7,0,7,0,6,0,6,0,6,0,6,0,6,0,6,0,6,0,6,0,5,0,5,0,5,0,5,0
d:\hsom\src\select\shanx197.krn-6 6,0,6,0,6,0,6,0,5,0,5,0,5,0,5,0,7,0,7,0,6,0,6,0,5,0,5,0,5,0,5,0
d:\hsom\src\select\shanx197.krn-7 7,0,7,0,6,0,6,0,5,0,5,0,5,0,5,0,5,0,5,0,9,0,9,0,7,0,7,0,5,0,5,0
d:\hsom\src\select\shanx197.krn-8 5,0,5,0,9,0,9,0,7,0,7,0,5,0,5,0,5,0,5,0,6,-1,6,-1,5,0,5,0,5,0,5,0
d:\hsom\src\select\shanx211.krn-0 6,0,6,0,6,0,6,0,9,0,9,0,8,0,5,1,6,0,6,0,6,0,6,0,6,0,6,0,6,0,6,0
d:\hsom\src\select\shanx211.krn-1 6,0,6,0,6,0,6,0,6,0,6,0,6,0,6,0,5,1,5,1,8,0,6,0,9,0,9,0,6,0,6,0
d:\hsom\src\select\shanx211.krn-2 5,1,5,1,8,0,6,0,9,0,9,0,6,0,6,0,7,0,7,0,7,0,7,0,7,0,7,0,7,0,7,0
d:\hsom\src\select\shanx211.krn-3 7,0,7,0,7,0,7,0,7,0,7,0,7,0,7,0,6,0,6,0,6,0,6,0,8,0,8,0,6,0,6,0
d:\hsom\src\select\shanx211.krn-4 6,0,6,0,6,0,6,0,8,0,8,0,6,0,6,0,9,0,9,0,6,0,6,0,3,-1,3,-1,3,-1,3,-1
d:\hsom\src\select\shanx211.krn-5 9,0,9,0,6,0,6,0,3,-1,3,-1,3,-1,3,-1,7,0,7,0,7,0,7,0,7,0,7,0,6,-1,6,-1
d:\hsom\src\select\shanx211.krn-6 7,0,7,0,7,0,7,0,7,0,7,0,6,-1,6,-1,8,-1,8,-1,5,0,5,0,7,0,7,0,7,0,7,0
d:\hsom\src\select\shanx211.krn-7 8,-1,8,-1,5,0,5,0,7,0,7,0,7,0,7,0,7,0,7,0,8,-1,5,0,6,-1,6,-1,6,-1,6,-1
d:\hsom\src\select\shanx236.krn-0 9,0,9,0,9,0,9,0,9,0,9,0,6,0,6,0,8,0,8,0,8,0,8,0,9,0,9,0,9,0,9,0
d:\hsom\src\select\shanx236.krn-1 8,0,8,0,8,0,8,0,9,0,9,0,9,0,9,0,9,0,9,0,7,0,7,0,5,0,5,0,10,-1,10,-1
d:\hsom\src\select\shanx236.krn-2 9,0,9,0,7,0,7,0,5,0,5,0,10,-1,10,-1,8,0,8,0,6,0,6,0,8,-1,8,-1,8,-1,8,-1
d:\hsom\src\select\shanx236.krn-3 8,0,8,0,6,0,6,0,8,-1,8,-1,8,-1,8,-1,8,0,8,0,8,0,8,0,6,0,6,0,6,0,6,0
d:\hsom\src\select\shanx236.krn-4 8,0,8,0,8,0,8,0,6,0,6,0,6,0,6,0,8,0,8,0,8,0,8,0,6,0,6,0,6,0,6,0
d:\hsom\src\select\shanx236.krn-5 8,0,8,0,8,0,8,0,6,0,6,0,6,0,6,0,8,0,8,0,6,0,6,0,4,0,4,0,9,0,9,0
d:\hsom\src\select\shanx236.krn-6 8,0,8,0,6,0,6,0,4,0,4,0,9,0,9,0,7,0,7,0,7,0,7,0,7,0,7,0,7,0,7,0
d:\hsom\src\select\shanx236.krn-7 7,0,7,0,7,0,7,0,7,0,7,0,7,0,7,0,8,0,8,0,6,0,6,0,4,0,4,0,9,0,9,0
d:\hsom\src\select\shanx236.krn-8 8,0,8,0,6,0,6,0,4,0,4,0,9,0,9,0,7,0,7,0,7,0,7,0,7,0,7,0,5,0,5,0
d:\hsom\src\select\shanx236.krn-9 7,0,7,0,7,0,7,0,7,0,7,0,5,0,5,0,8,-1,8,-1,6,-1,6,-1,8,-1,8,-1,5,0,5,0
d:\hsom\src\select\shanx236.krn-10 8,-1,8,-1,6,-1,6,-1,8,-1,8,-1,5,0,5,0,7,0,7,0,7,0,7,0,7,0,7,0,7,0,7,0
d:\hsom\src\select\shanx238.krn-0 9,0,9,0,7,0,7,0,5,0,5,0,5,0,5,0,6,0,6,0,7,0,7,0,5,0,5,0,5,0,5,0
d:\hsom\src\select\shanx238.krn-1 6,0,6,0,7,0,7,0,5,0,5,0,5,0,5,0,8,-1,8,-1,6,0,6,0,9,0,9,0,6,0,6,0
d:\hsom\src\select\shanx238.krn-2 8,-1,8,-1,6,0,6,0,9,0,9,0,6,0,6,0,9,0,9,0,7,0,7,0,5,0,5,0,5,0,5,0
d:\hsom\src\select\shanx238.krn-3 9,0,9,0,7,0,7,0,5,0,5,0,5,0,5,0,8,-1,8,-1,5,0,5,0,7,0,7,0,6,0,6,0
d:\hsom\src\select\shanx238.krn-4 8,-1,8,-1,5,0,5,0,7,0,7,0,6,0,6,0,9,0,9,0,7,0,7,0,5,0,5,0,5,0,5,0
d:\hsom\src\select\shanx238.krn-5 9,0,9,0,7,0,7,0,5,0,5,0,5,0,5,0,8,-1,8,-1,9,-1,9,-1,6,-1,6,-1,8,-1,8,-1
d:\hsom\src\select\shanx238.krn-6 8,-1,8,-1,9,-1,9,-1,6,-1,6,-1,8,-1,8,-1,9,-1,9,-1,7,-1,7,-1,5,-1,5,-1,5,-1,5,-1
d:\hsom\src\select\shanx238.krn-7 9,-1,9,-1,7,-1,7,-1,5,-1,5,-1,5,-1,5,-1,9,0,9,0,7,0,7,0,9,0,9,0,6,0,6,0
d:\hsom\src\select\shanx238.krn-8 9,0,9,0,7,0,7,0,9,0,9,0,6,0,6,0,9,0,9,0,7,0,7,0,5,0,5,0,7,0,7,0
d:\hsom\src\select\shanx238.krn-9 9,0,9,0,7,0,7,0,5,0,5,0,7,0,7,0,10,-1,10,-1,8,-1,8,-1,6,-1,6,-1,6,-1,6,-1
d:\hsom\src\select\shanx238.krn-10 10,-1,10,-1,8,-1,8,-1,6,-1,6,-1,6,-1,6,-1,6,-1,6,-1,6,-1,6,-1,6,-1,6,-1,8,-1,8,-1
d:\hsom\src\select\shanx238.krn-11 6,-1,6,-1,6,-1,6,-1,6,-1,6,-1,8,-1,8,-1,10,-1,10,-1,8,-1,8,-1,5,0,5,0,5,0,5,0
d:\hsom\src\select\shanx238.krn-12 10,-1,10,-1,8,-1,8,-1,5,0,5,0,5,0,5,0,8,-1,8,-1,6,-1,6,-1,6,-1,6,-1,8,-1,8,-1
d:\hsom\src\select\shanx238.krn-13 8,-1,8,-1,6,-1,6,-1,6,-1,6,-1,8,-1,8,-1,9,-1,9,-1,7,-1,7,-1,5,-1,5,-1,5,-1,5,-1
d:\hsom\src\select\shanx250.krn-0 6,0,6,0,6,0,6,0,6,0,6,0,6,0,8,0,8,0,8,0,6,0,4,0,6,0,6,0,6,0,6,0
d:\hsom\src\select\shanx250.krn-1 8,0,8,0,6,0,4,0,6,0,6,0,6,0,6,0,9,0,9,0,5,0,5,0,7,0,7,0,9,0,7,0
d:\hsom\src\select\shanx250.krn-2 9,0,9,0,5,0,5,0,7,0,7,0,9,0,7,0,5,0,5,0,10,-1,8,-1,6,-1,6,-1,6,-1,6,-1
d:\hsom\src\select\shanx250.krn-3 5,0,5,0,10,-1,8,-1,6,-1,6,-1,6,-1,6,-1,9,0,9,0,9,0,9,0,6,0,6,0,6,0,9,0
d:\hsom\src\select\shanx250.krn-4 9,0,9,0,9,0,9,0,6,0,6,0,6,0,9,0,7,0,7,0,5,0,7,0,6,0,6,0,9,0,9,0
d:\hsom\src\select\shanx250.krn-5 7,0,7,0,5,0,7,0,6,0,6,0,9,0,9,0,8,-1,8,-1,6,-1,8,-1,10,-1,10,-1,10,-1,8,-1
d:\hsom\src\select\shanx250.krn-6 8,-1,8,-1,6,-1,8,-1,10,-1,10,-1,10,-1,8,-1,6,-1,6,-1,6,-1,6,-1,6,-1,6,-1,6,-1,6,-1
d:\hsom\src\select\shanx259.krn-0 6,0,6,0,6,0,6,0,5,1,5,1,8,0,8,0,6,0,6,0,6,0,6,0,9,0,9,0,7,0,7,0
d:\hsom\src\select\shanx259.krn-1 6,0,6,0,6,0,6,0,9,0,9,0,7,0,7,0,6,0,6,0,6,0,6,0,5,1,5,1,8,0,8,0
d:\hsom\src\select\shanx259.krn-2 6,0,6,0,6,0,6,0,5,1,5,1,8,0,8,0,6,0,6,0,5,1,5,1,9,0,9,0,7,0,7,0
d:\hsom\src\select\shanx259.krn-3 6,0,6,0,5,1,5,1,9,0,9,0,7,0,7,0,5,0,5,0,5,0,5,0,5,0,5,0,8,-1,8,-1
d:\hsom\src\select\shanx259.krn-4 5,0,5,0,5,0,5,0,5,0,5,0,8,-1,8,-1,6,0,6,0,8,0,8,0,6,0,6,0,6,0,6,0
d:\hsom\src\select\shanx259.krn-5 6,0,6,0,8,0,8,0,6,0,6,0,6,0,6,0,8,-1,8,-1,5,0,5,0,9,0,9,0,7,0,7,0
d:\hsom\src\select\shanx259.krn-6 8,-1,8,-1,5,0,5,0,9,0,9,0,7,0,7,0,5,0,5,0,5,0,5,0,5,0,5,0,5,0,5,0
d:\hsom\src\select\shanx259.krn-7 5,0,5,0,5,0,5,0,5,0,5,0,5,0,5,0,5,0,5,0,7,0,7,0,6,0,6,0,6,0,6,0
d:\hsom\src\select\shanx259.krn-8 5,0,5,0,7,0,7,0,6,0,6,0,6,0,6,0,8,0,8,0,6,0,6,0,9,0,9,0,7,0,7,0
d:\hsom\src\select\shanx259.krn-9 8,0,8,0,6,0,6,0,9,0,9,0,7,0,7,0,5,0,5,0,7,0,7,0,6,0,6,0,9,0,9,0
d:\hsom\src\select\shanx259.krn-10 5,0,5,0,7,0,7,0,6,0,6,0,9,0,9,0,7,0,7,0,5,0,5,0,6,-1,6,-1,6,-1,6,-1
d:\hsom\src\select\shanx259.krn-11 7,0,7,0,5,0,5,0,6,-1,6,-1,6,-1,6,-1,5,0,5,0,8,-1,8,-1,6,-1,6,-1,6,-1,6,-1
d:\hsom\src\select\shanx259.krn-12 5,0,5,0,8,-1,8,-1,6,-1,6,-1,6,-1,6,-1,6,0,6,0,6,0,6,0,6,0,6,0,5,0,5,0
d:\hsom\src\select\shanx259.krn-13 6,0,6,0,6,0,6,0,6,0,6,0,5,0,5,0,7,0,7,0,9,0,9,0,7,0,7,0,8,-1,8,-1
d:\hsom\src\select\shanx259.krn-14 7,0,7,0,9,0,9,0,7,0,7,0,8,-1,8,-1,6,-1,6,-1,6,-1,6,-1,6,-1,6,-1,6,-1,6,-1
d:\hsom\src\select\shanx295.krn-0 5,0,5,0,7,0,7,0,6,0,6,0,9,0,7,0,7,0,7,0,9,0,9,0,6,-1,6,-1,6,-1,6,-1
d:\hsom\src\select\shanx295.krn-1 7,0,7,0,9,0,9,0,6,-1,6,-1,6,-1,6,-1,5,0,5,0,7,0,7,0,6,0,6,0,7,0,9,0
d:\hsom\src\select\shanx295.krn-2 5,0,5,0,7,0,7,0,6,0,6,0,7,0,9,0,7,0,7,0,9,-1,9,-1,6,-1,6,-1,6,-1,6,-1
d:\hsom\src\select\shanx295.krn-3 7,0,7,0,9,-1,9,-1,6,-1,6,-1,6,-1,6,-1,5,0,5,0,7,0,7,0,6,0,6,0,9,0,7,0
d:\hsom\src\select\shanx295.krn-4 5,0,5,0,7,0,7,0,6,0,6,0,9,0,7,0,6,0,6,0,7,0,7,0,9,0,9,0,7,0,7,0
d:\hsom\src\select\shanx295.krn-5 6,0,6,0,7,0,7,0,9,0,9,0,7,0,7,0,6,0,6,0,7,0,7,0,6,0,6,0,9,0,7,0
d:\hsom\src\select\shanx295.krn-6 6,0,6,0,7,0,7,0,6,0,6,0,9,0,7,0,5,0,5,0,5,0,5,0,5,0,5,0,5,0,5,0
d:\hsom\src\select\shanx295.krn-7 5,0,5,0,5,0,5,0,5,0,5,0,5,0,5,0,9,0,9,0,7,0,7,0,5,0,5,0,7,0,7,0
d:\hsom\src\select\shanx295.krn-8 9,0,9,0,7,0,7,0,5,0,5,0,7,0,7,0,5,0,5,0,7,0,7,0,7,0,5,0,8,-1,8,-1
d:\hsom\src\select\shanx295.krn-9 5,0,5,0,7,0,7,0,7,0,5,0,8,-1,8,-1,6,-1,6,-1,6,-1,6,-1,6,-1,6,-1,6,-1,6,-1
d:\hsom\src\select\shanx295.krn-10 6,-1,6,-1,6,-1,6,-1,6,-1,6,-1,6,-1,6,-1,6,-1,6,-1,8,-1,8,-1,6,-1,6,-1,6,-1,6,-1
d:\hsom\src\select\shanx310.krn-0 6,0,6,0,8,0,8,0,5,1,5,1,5,1,5,1,5,1,5,1,8,0,8,0,6,0,6,0,6,0,6,0
d:\hsom\src\select\shanx310.krn-1 5,1,5,1,8,0,8,0,6,0,6,0,6,0,6,0,6,0,6,0,8,0,8,0,5,1,5,1,5,1,5,1
d:\hsom\src\select\shanx310.krn-2 6,0,6,0,8,0,8,0,5,1,5,1,5,1,5,1,5,1,5,1,8,0,8,0,6,0,6,0,6,0,6,0
d:\hsom\src\select\shanx310.krn-3 5,1,5,1,8,0,8,0,6,0,6,0,6,0,6,0,6,0,6,0,6,0,6,0,6,0,6,0,8,0,8,0
d:\hsom\src\select\shanx310.krn-4 6,0,6,0,6,0,6,0,6,0,6,0,8,0,8,0,6,0,6,0,6,0,6,0,6,0,6,0,6,0,6,0
d:\hsom\src\select\shanx310.krn-5 6,0,6,0,6,0,6,0,6,0,6,0,6,0,6,0,5,1,5,1,6,0,6,0,9,0,9,0,7,0,7,0
d:\hsom\src\select\shanx310.krn-6 5,1,5,1,6,0,6,0,9,0,9,0,7,0,7,0,5,0,5,0,5,0,5,0,5,0,5,0,5,0,5,0
d:\hsom\src\select\shanx310.krn-7 5,0,5,0,5,0,5,0,5,0,5,0,5,0,5,0,9,0,9,0,7,0,7,0,9,0,9,0,9,0,7,0
d:\hsom\src\select\shanx310.krn-8 9,0,9,0,7,0,7,0,9,0,9,0,9,0,7,0,9,0,9,0,5,0,5,0,7,0,7,0,7,0,7,0
d:\hsom\src\select\shanx310.krn-9 9,0,9,0,5,0,5,0,7,0,7,0,7,0,7,0,6,0,6,0,6,0,6,0,6,0,6,0,9,0,9,0
d:\hsom\src\select\shanx310.krn-10 6,0,6,0,6,0,6,0,6,0,6,0,9,0,9,0,6,0,6,0,6,0,6,0,6,0,6,0,6,0,6,0
d:\hsom\src\select\shanx310.krn-11 6,0,6,0,6,0,6,0,6,0,6,0,6,0,6,0,6,0,6,0,6,0,6,0,6,0,6,0,8,0,8,0
d:\hsom\src\select\shanx310.krn-12 6,0,6,0,6,0,6,0,6,0,6,0,8,0,8,0,5,1,5,1,5,1,5,1,6,0,6,0,6,0,6,0
d:\hsom\src\select\shanx310.krn-13 5,1,5,1,5,1,5,1,6,0,6,0,6,0,6,0,5,1,5,1,6,0,6,0,9,0,9,0,7,0,7,0
d:\hsom\src\select\shanx310.krn-14 5,1,5,1,6,0,6,0,9,0,9,0,7,0,7,0,5,0,5,0,9,0,9,0,7,0,7,0,8,-1,8,-1
d:\hsom\src\select\shanx310.krn-15 5,0,5,0,9,0,9,0,7,0,7,0,8,-1,8,-1,5,0,5,0,5,0,5,0,5,0,5,0,5,0,5,0
d:\hsom\src\select\shanx318.krn-0 7,0,7,0,9,0,9,0,7,0,7,0,5,0,5,0,6,-1,6,-1,6,-1,6,-1,6,-1,6,-1,6,-1,6,-1
d:\hsom\src\select\shanx318.krn-1 6,-1,6,-1,6,-1,6,-1,6,-1,6,-1,6,-1,6,-1,7,0,7,0,9,0,9,0,7,0,7,0,5,0,5,0
d:\hsom\src\select\shanx318.krn-2 7,0,7,0,9,0,9,0,7,0,7,0,5,0,5,0,6,-1,6,-1,6,-1,6,-1,6,-1,6,-1,6,-1,6,-1
d:\hsom\src\select\shanx318.krn-3 6,-1,6,-1,6,-1,6,-1,6,-1,6,-1,6,-1,6,-1,7,0,7,0,9,0,9,0,7,0,7,0,5,0,5,0
d:\hsom\src\select\shanx318.krn-4 7,0,7,0,9,0,9,0,7,0,7,0,5,0,5,0,6,-1,6,-1,6,-1,6,-1,6,-1,6,-1,6,-1,6,-1
d:\hsom\src\select\shanx318.krn-5 6,-1,6,-1,6,-1,6,-1,6,-1,6,-1,6,-1,6,-1,7,0,7,0,7,0,7,0,8,-1,8,-1,5,0,5,0
d:\hsom\src\select\shanx318.krn-6 7,0,7,0,7,0,7,0,8,-1,8,-1,5,0,5,0,7,0,7,0,9,0,9,0,7,0,7,0,5,0,5,0
d:\hsom\src\select\shanx318.krn-7 7,0,7,0,9,0,9,0,7,0,7,0,5,0,5,0,8,-1,8,-1,8,-1,8,-1,7,0,7,0,8,-1,8,-1
d:\hsom\src\select\shanx318.krn-8 8,-1,8,-1,8,-1,8,-1,7,0,7,0,8,-1,8,-1,6,-1,6,-1,6,-1,6,-1,6,-1,6,-1,8,-1,8,-1
d:\hsom\src\select\shanx318.krn-9 6,-1,6,-1,6,-1,6,-1,6,-1,6,-1,8,-1,8,-1,4,-1,4,-1,4,-1,4,-1,4,-1,4,-1,4,-1,4,-1
d:\hsom\src\select\shanx318.krn-10 4,-1,4,-1,4,-1,4,-1,4,-1,4,-1,4,-1,4,-1,4,-1,4,-1,9,-1,9,-1,6,-1,6,-1,9,-1,9,-1
d:\hsom\src\select\shanx318.krn-11 4,-1,4,-1,9,-1,9,-1,6,-1,6,-1,9,-1,9,-1,7,-1,7,-1,7,-1,7,-1,7,-1,7,-1,7,-1,7,-1
d:\hsom\src\select\shanx326.krn-0 6,0,6,0,6,0,6,0,6,0,6,0,8,0,8,0,6,0,6,0,6,0,6,0,4,0,4,0,6,0,6,0
d:\hsom\src\select\shanx326.krn-1 6,0,6,0,6,0,6,0,4,0,4,0,6,0,6,0,7,0,7,0,7,0,7,0,5,0,5,0,3,-1,3,-1
d:\hsom\src\select\shanx326.krn-2 7,0,7,0,7,0,7,0,5,0,5,0,3,-1,3,-1,6,-1,6,-1,6,-1,6,-1,6,-1,6,-1,6,-1,6,-1
d:\hsom\src\select\shanx326.krn-3 6,-1,6,-1,6,-1,6,-1,6,-1,6,-1,6,-1,6,-1,5,0,5,0,5,0,5,0,10,-1,10,-1,8,-1,8,-1
d:\hsom\src\select\shanx326.krn-4 5,0,5,0,5,0,5,0,10,-1,10,-1,8,-1,8,-1,6,-1,6,-1,6,-1,6,-1,5,0,5,0,7,0,7,0
d:\hsom\src\select\shanx326.krn-5 6,-1,6,-1,6,-1,6,-1,5,0,5,0,7,0,7,0,6,0,6,0,6,0,6,0,4,0,4,0,6,0,6,0
d:\hsom\src\select\shanx326.krn-6 6,0,6,0,6,0,6,0,4,0,4,0,6,0,6,0,7,0,7,0,7,0,7,0,5,0,5,0,8,-1,8,-1
d:\hsom\src\select\shanx326.krn-7 7,0,7,0,7,0,7,0,5,0,5,0,8,-1,8,-1,6,-1,6,-1,6,-1,6,-1,5,0,5,0,7,0,7,0
d:\hsom\src\select\shanx326.krn-8 6,-1,6,-1,6,-1,6,-1,5,0,5,0,7,0,7,0,6,0,6,0,6,0,6,0,4,0,4,0,6,0,6,0
d:\hsom\src\select\shanx326.krn-9 6,0,6,0,6,0,6,0,4,0,4,0,6,0,6,0,7,0,7,0,7,0,7,0,5,0,5,0,8,-1,8,-1
d:\hsom\src\select\shanx326.krn-10 7,0,7,0,7,0,7,0,5,0,5,0,8,-1,8,-1,6,-1,6,-1,6,-1,6,-1,6,-1,6,-1,5,0,5,0
d:\hsom\src\select\shanx326.krn-11 6,-1,6,-1,6,-1,6,-1,6,-1,6,-1,5,0,5,0,7,0,7,0,5,0,5,0,10,-1,10,-1,8,-1,8,-1
d:\hsom\src\select\shanx326.krn-12 7,0,7,0,5,0,5,0,10,-1,10,-1,8,-1,8,-1,6,-1,6,-1,6,-1,6,-1,6,-1,6,-1,6,-1,6,-1
