d:\hsom\src\data\shanx004.krn 06.0,06.0,06.0,06.0,06.0,06.0,06.0,06.0,06.0,06.0,06.0,06.0,07.0,07.0,07.0,07.8,07.0,07.0,07.0,06.0,07.0,05.0,07.8,05.8,07.0,07.0,07.0,07.0,07.0,07.0,07.0,07.0,06.0,06.0,06.0,06.0,06.0,06.0,06.0,06.0,06.0,06.0,06.0,06.0,07.0,07.0,07.0,07.8,07.0,07.0,07.0,06.0,07.0,05.0,07.8,08.8,05.8,05.8,05.8,05.8,05.8,05.8,05.8,05.8
d:\hsom\src\data\shanx006.krn 09.2,09.2,09.2,09.2,09.2,09.2,05.2,05.2,05.2,05.2,05.2,05.2,10.0,10.0,08.0,08.0,06.0,06.0,08.0,08.0,09.2,09.2,06.0,06.0,09.0,09.0,09.0,09.0,09.0,09.0,09.0,09.0,07.2,07.2,07.2,07.2,07.2,07.2,05.2,05.2,05.2,05.2,05.2,05.2,10.0,10.0,08.0,08.0,06.0,06.0,08.0,08.0,09.2,09.2,06.0,06.0,08.0,08.0,08.0,08.0,08.0,08.0,08.0,08.0
d:\hsom\src\data\shanx007.krn 08.0,08.0,06.0,06.0,05.0,05.0,05.0,05.0,06.0,06.0,06.0,08.0,06.0,06.0,08.0,08.0,09.2,09.2,07.2,05.2,07.0,07.0,09.0,09.0,06.0,06.0,06.0,06.0,06.0,06.0,06.0,06.0,08.0,08.0,06.0,06.0,05.0,05.0,05.0,05.0,06.0,06.0,06.0,08.0,06.0,06.0,08.0,08.0,09.2,09.2,07.2,05.2,07.0,07.0,09.0,09.0,05.0,05.0,05.0,05.0,05.0,05.0,05.0,05.0
d:\hsom\src\data\shanx008.krn 07.2,07.2,07.2,07.2,07.2,07.2,06.2,06.2,07.2,07.2,05.2,05.2,08.0,08.0,06.0,06.0,06.0,06.0,06.0,07.0,06.0,06.0,07.2,07.2,07.0,07.0,07.0,07.0,07.0,07.0,07.0,07.0,07.2,07.2,07.2,07.2,07.2,07.2,06.2,06.2,07.2,07.2,05.2,05.2,08.0,08.0,06.0,06.0,06.0,06.0,06.0,07.0,06.0,06.0,08.0,08.0,06.0,06.0,06.0,06.0,06.0,06.0,06.0,06.0
d:\hsom\src\data\shanx009.krn 07.2,07.2,06.2,06.2,07.2,07.2,07.2,07.2,07.2,07.2,05.2,05.2,08.0,08.0,07.0,07.0,07.0,07.0,07.2,07.2,07.2,07.2,09.2,05.2,08.0,08.0,08.0,08.0,08.0,08.0,08.0,08.0,07.2,07.2,06.2,06.2,07.2,07.2,07.2,07.2,08.0,08.0,06.0,06.0,06.0,06.0,07.0,07.0,07.0,07.0,05.2,05.2,08.0,08.0,06.0,06.0,07.0,07.0,07.0,07.0,07.0,07.0,07.0,07.0
d:\hsom\src\data\shanx010.krn 07.2,07.2,07.2,07.2,07.2,07.2,07.2,07.2,08.0,08.0,08.0,05.2,06.0,06.0,06.0,06.0,07.2,07.2,06.2,06.2,06.0,06.0,06.0,09.0,07.0,07.0,07.0,07.0,07.0,07.0,07.0,07.0,07.2,07.2,07.2,07.2,07.2,07.2,07.2,07.2,08.0,08.0,05.2,05.2,07.2,07.2,07.2,07.2,07.2,07.2,06.2,06.2,05.2,05.2,07.2,07.2,08.0,08.0,06.0,06.0,06.0,06.0,06.0,06.0
d:\hsom\src\data\shanx011.krn 07.0,07.0,07.0,07.0,07.0,07.0,07.0,07.0,07.0,07.0,07.0,09.2,07.2,07.2,07.2,07.2,05.2,05.2,07.2,07.2,05.2,05.2,07.2,07.2,07.0,07.0,07.0,07.0,07.0,07.0,07.0,07.0,07.0,07.0,07.0,07.0,05.0,05.0,07.8,07.8,07.8,07.8,05.8,05.8,05.8,05.8,06.0,06.0,07.8,07.8,07.8,07.8,05.0,05.0,05.0,05.0,05.8,05.8,05.8,05.8,05.8,05.8,05.8,05.8
d:\hsom\src\data\shanx013.krn 05.8,05.8,05.8,05.8,05.8,05.8,05.8,05.8,05.8,05.8,05.2,05.2,06.0,06.0,06.0,06.0,06.0,06.0,06.0,05.2,09.0,09.0,05.0,05.0,07.0,07.0,07.0,07.0,07.0,07.0,07.0,07.0,06.0,06.0,06.0,05.2,06.0,06.0,06.0,06.0,06.0,06.0,05.2,05.2,06.0,06.0,04.0,04.0,07.0,07.0,05.0,05.0,06.8,06.8,03.8,03.8,05.8,05.8,05.8,05.8,05.8,05.8,05.8,05.8
d:\hsom\src\data\shanx014.krn 09.2,09.2,07.2,07.2,07.2,07.2,09.2,07.2,05.2,08.0,06.0,09.0,07.0,07.0,07.0,07.0,07.2,07.2,07.2,07.2,08.0,08.0,06.2,05.2,07.2,07.2,07.2,07.2,07.2,07.2,07.2,07.2,09.2,09.2,07.2,07.2,07.2,07.2,09.2,07.2,05.2,08.0,06.0,09.0,07.0,07.0,07.0,07.0,07.2,07.2,07.2,07.2,08.0,08.0,06.2,05.2,06.0,06.0,06.0,06.0,06.0,06.0,06.0,06.0
d:\hsom\src\data\shanx015.krn 07.2,07.2,09.2,09.2,09.2,09.2,09.2,08.2,07.2,07.2,07.2,07.2,05.2,05.2,05.2,08.0,08.0,08.0,06.0,09.0,09.0,09.0,06.0,05.2,09.0,09.0,09.0,09.0,09.0,09.0,09.0,09.0,07.2,07.2,09.2,09.2,09.2,09.2,09.2,08.2,07.2,07.2,07.2,07.2,05.2,05.2,05.2,08.0,08.0,08.0,06.0,09.0,09.0,09.0,06.0,05.2,08.0,08.0,08.0,08.0,08.0,08.0,08.0,08.0
d:\hsom\src\data\shanx017.krn 05.2,05.2,09.2,09.2,07.2,07.2,07.2,07.2,07.2,07.2,05.2,05.2,08.0,08.0,06.0,06.0,05.2,05.2,05.2,05.2,07.2,07.2,05.2,05.2,07.0,07.0,07.0,07.0,07.0,07.0,07.0,07.0,05.2,05.2,09.2,09.2,07.2,07.2,07.2,07.2,07.2,07.2,05.2,05.2,08.0,08.0,06.0,06.0,05.2,05.2,05.2,05.2,07.2,07.2,05.2,05.2,06.0,06.0,06.0,06.0,06.0,06.0,06.0,06.0
d:\hsom\src\data\shanx018.krn 06.0,06.0,08.0,08.0,08.0,08.0,06.0,09.0,06.0,06.0,08.0,08.0,06.0,06.0,09.0,07.0,07.8,07.8,07.8,07.8,06.0,06.0,09.0,05.0,07.8,07.8,07.8,07.8,07.8,07.8,07.8,07.8,06.0,06.0,08.0,08.0,08.0,08.0,06.0,09.0,06.0,06.0,08.0,08.0,06.0,06.0,09.0,07.0,07.8,07.8,07.8,07.8,06.0,06.0,09.0,05.0,07.0,07.0,07.0,07.0,07.0,07.0,07.0,07.0
d:\hsom\src\data\shanx019.krn 06.0,06.0,06.0,09.0,08.0,08.0,05.2,05.2,06.0,06.0,08.0,08.0,09.0,09.0,07.0,07.0,09.0,09.0,09.0,09.0,07.8,07.8,05.0,05.0,07.0,07.0,07.0,07.0,07.0,07.0,07.0,07.0,06.0,06.0,06.0,09.0,08.0,08.0,05.2,05.2,06.0,06.0,08.0,08.0,09.0,09.0,07.0,07.0,09.0,09.0,09.0,09.0,07.8,07.8,05.0,05.0,05.8,05.8,05.8,05.8,05.8,05.8,05.8,05.8
d:\hsom\src\data\shanx020.krn 07.0,07.0,07.0,06.0,05.8,05.8,03.8,05.8,07.8,07.8,06.0,06.0,08.0,08.0,06.0,09.0,07.0,07.0,07.0,07.8,05.8,05.8,05.8,09.0,07.0,07.0,07.0,07.0,07.0,07.0,07.0,07.0,07.0,07.0,07.0,06.0,05.8,05.8,03.8,05.8,07.8,07.8,06.0,06.0,08.0,08.0,06.0,09.0,07.0,07.0,07.0,07.8,05.8,05.8,03.8,07.8,05.8,05.8,05.8,05.8,05.8,05.8,05.8,05.8
d:\hsom\src\data\shanx021.krn 09.2,09.2,09.2,09.2,05.2,05.2,05.2,08.2,07.2,07.2,05.2,05.2,05.2,05.2,05.2,09.2,06.0,06.0,09.0,09.0,05.0,05.0,05.0,06.0,07.0,07.0,07.0,07.0,07.0,07.0,07.0,07.0,09.2,09.2,09.2,09.2,05.2,05.2,05.2,08.2,07.2,07.2,05.2,05.2,05.2,05.2,05.2,09.2,06.0,06.0,09.0,09.0,05.0,05.0,05.0,08.0,06.0,06.0,06.0,06.0,06.0,06.0,06.0,06.0
d:\hsom\src\data\shanx022.krn 08.0,06.0,08.0,05.2,07.0,07.0,07.0,07.0,08.0,06.0,08.0,05.2,07.2,07.2,07.2,07.2,05.2,08.0,08.0,06.0,06.0,06.0,06.0,08.0,07.2,07.2,07.2,07.2,07.2,07.2,07.2,07.2,08.0,06.0,08.0,05.2,07.0,07.0,07.0,07.0,08.0,06.0,08.0,05.2,07.2,07.2,07.2,07.2,05.2,08.0,08.0,06.0,06.0,06.0,06.0,08.0,06.0,06.0,06.0,06.0,06.0,06.0,06.0,06.0
d:\hsom\src\data\shanx023.krn 05.2,05.2,05.2,07.2,09.2,09.2,09.2,09.2,09.2,09.2,07.2,07.2,05.2,05.2,08.0,08.0,05.2,05.2,06.0,06.0,06.0,06.0,08.0,08.0,07.0,07.0,07.0,07.0,07.0,07.0,07.0,07.0,05.2,05.2,05.2,07.2,09.2,09.2,09.2,09.2,09.2,09.2,07.2,07.2,05.2,05.2,08.0,08.0,05.2,05.2,05.2,06.0,06.0,06.0,05.2,05.2,08.0,08.0,06.0,06.0,06.0,06.0,06.0,06.0
d:\hsom\src\data\shanx025.krn 06.0,06.0,08.0,08.0,08.0,08.0,07.2,09.0,06.0,06.0,06.0,06.0,06.0,06.0,09.0,09.0,05.0,05.0,07.8,07.8,07.0,07.0,09.0,09.0,07.8,07.8,07.8,07.8,07.8,07.8,07.8,07.8,06.0,06.0,08.0,08.0,08.0,08.0,07.2,09.0,06.0,06.0,06.0,06.0,06.0,06.0,09.0,09.0,05.0,05.0,07.8,07.8,06.0,06.0,09.0,05.0,07.0,07.0,07.0,07.0,07.0,07.0,07.0,07.0
d:\hsom\src\data\shanx026.krn 06.0,06.0,06.0,06.0,08.0,08.0,07.2,07.2,08.0,08.0,06.0,06.0,09.0,09.0,07.0,07.0,06.0,06.0,06.0,06.0,08.0,08.0,05.2,05.2,07.0,07.0,07.0,07.0,07.0,07.0,07.0,07.0,06.0,06.0,06.0,06.0,08.0,08.0,07.2,07.2,08.0,08.0,06.0,06.0,09.0,09.0,07.0,07.0,05.0,05.0,05.0,09.0,07.0,07.0,07.8,07.8,05.8,05.8,05.8,05.8,05.8,05.8,05.8,05.8
d:\hsom\src\data\shanx027.krn 06.0,06.0,07.0,07.0,07.0,07.0,07.0,07.0,07.2,07.2,07.2,07.2,07.2,07.2,06.2,06.2,07.2,07.2,08.0,08.0,05.2,05.2,08.0,08.0,06.0,06.0,06.0,06.0,06.0,06.0,06.0,06.0,06.0,06.0,07.0,07.0,07.0,07.0,06.0,06.0,08.0,08.0,08.0,08.0,08.0,08.0,09.2,09.2,08.0,08.0,09.0,09.0,06.0,06.0,09.0,09.0,07.0,07.0,07.0,07.0,07.0,07.0,07.0,07.0
d:\hsom\src\data\shanx028.krn 08.0,08.0,06.0,06.0,06.0,06.0,09.0,05.2,09.0,07.0,05.0,07.8,05.8,05.8,05.8,05.8,05.0,05.0,05.0,09.0,07.0,07.0,05.0,07.8,06.0,06.0,06.0,06.0,06.0,06.0,06.0,06.0,08.0,08.0,06.0,06.0,06.0,06.0,08.0,05.2,09.0,07.0,05.0,07.8,05.8,05.8,05.8,05.8,05.0,05.0,05.0,09.0,07.0,07.0,05.0,07.8,05.8,05.8,05.8,05.8,05.8,05.8,05.8,05.8
d:\hsom\src\data\shanx029.krn 08.0,08.0,08.0,08.0,08.0,08.0,09.0,09.0,09.0,09.0,09.0,05.2,08.0,08.0,08.0,08.0,08.0,08.0,08.0,07.2,06.2,06.2,09.0,07.0,09.0,09.0,09.0,09.0,09.0,09.0,09.0,09.0,08.0,08.0,08.0,05.2,08.0,08.0,08.0,08.0,08.0,08.0,08.0,07.2,06.0,06.0,09.0,07.0,09.0,09.0,09.8,09.8,07.8,07.8,08.8,08.8,07.8,07.8,07.8,07.8,07.8,07.8,07.8,07.8
d:\hsom\src\data\shanx031.krn 09.2,09.2,09.2,09.2,09.2,09.2,09.2,07.2,05.2,08.0,06.2,06.2,06.2,06.2,09.2,09.2,07.2,07.2,05.2,08.0,05.2,05.2,09.2,06.2,05.2,05.2,05.2,05.2,05.2,05.2,05.2,05.2,05.2,05.2,09.2,09.2,09.2,09.2,09.2,07.2,05.2,08.0,06.2,06.2,06.2,06.2,09.2,09.2,07.2,07.2,05.2,08.0,05.2,05.2,09.2,06.2,05.2,05.2,05.2,08.0,06.0,06.0,06.0,06.0
d:\hsom\src\data\shanx032.krn 08.0,08.0,06.0,06.0,06.0,06.0,08.0,05.2,09.0,09.0,09.0,07.0,05.0,05.0,07.8,07.8,09.0,09.0,09.0,06.0,07.0,07.0,05.0,07.8,07.0,07.0,07.0,07.0,07.0,07.0,07.0,07.0,08.0,08.0,06.0,06.0,06.0,06.0,08.0,05.2,09.0,09.0,09.0,07.0,05.0,05.0,07.8,07.8,09.0,09.0,09.0,06.0,07.0,07.0,05.0,07.8,05.8,05.8,05.8,05.8,05.8,05.8,05.8,05.8
d:\hsom\src\data\shanx034.krn 06.0,06.0,06.0,06.0,09.2,09.2,09.2,06.2,05.2,05.2,05.2,05.2,08.0,08.0,06.0,06.0,05.2,05.2,09.0,09.0,07.0,07.0,05.0,07.8,07.0,07.0,07.0,07.0,07.0,07.0,07.0,07.0,06.0,06.0,06.0,06.0,09.2,09.2,09.2,06.2,05.2,05.2,05.2,05.2,08.0,08.0,06.0,06.0,05.2,05.2,09.0,09.0,07.0,07.0,05.0,07.8,05.8,05.8,05.8,05.8,05.8,05.8,05.8,05.8
d:\hsom\src\data\shanx035.krn 08.0,08.0,08.0,08.0,06.0,06.0,09.0,09.0,05.2,05.2,05.2,07.2,09.2,06.2,09.2,09.2,07.2,07.2,07.2,05.2,08.0,08.0,09.2,06.0,09.0,09.0,09.0,09.0,09.0,09.0,09.0,09.0,05.2,05.2,05.2,07.2,09.2,09.2,06.2,06.2,08.0,08.0,06.2,06.2,08.0,06.0,09.0,09.0,05.0,05.0,05.0,07.0,09.0,06.0,09.0,09.0,07.8,07.8,07.8,07.8,07.8,07.8,07.8,07.8
d:\hsom\src\data\shanx036.krn 07.2,07.2,08.0,08.0,08.0,08.0,06.0,08.0,07.2,07.2,06.0,06.0,06.0,06.0,09.0,09.0,09.0,09.0,07.0,07.0,05.0,05.0,07.8,07.8,08.0,08.0,08.0,08.0,08.0,08.0,08.0,08.0,07.2,07.2,08.0,08.0,08.0,08.0,06.0,08.0,07.2,07.2,06.0,06.0,06.0,06.0,09.0,09.0,09.0,09.0,07.0,07.0,05.0,05.0,07.8,07.8,07.0,07.0,07.0,07.0,07.0,07.0,07.0,07.0
d:\hsom\src\data\shanx037.krn 07.2,07.2,07.2,07.2,06.2,06.2,05.2,05.2,08.0,08.0,06.0,06.0,09.0,09.0,07.0,07.0,07.2,07.2,07.2,07.2,06.2,06.2,05.2,05.2,08.0,08.0,08.0,08.0,08.0,08.0,08.0,08.0,07.2,07.2,07.2,07.2,06.2,06.2,05.2,05.2,08.0,08.0,06.0,06.0,09.0,09.0,07.0,07.0,06.0,06.0,06.0,06.0,08.0,08.0,09.0,09.0,07.0,07.0,07.0,07.0,07.0,07.0,07.0,07.0
d:\hsom\src\data\shanx040.krn 06.0,06.0,08.0,08.0,07.0,07.0,07.0,07.0,06.0,06.0,08.0,08.0,07.2,07.2,06.2,06.2,05.2,05.2,08.0,08.0,06.0,06.0,05.2,05.2,08.0,08.0,08.0,08.0,08.0,08.0,08.0,08.0,06.0,06.0,08.0,08.0,07.0,07.0,07.0,07.0,06.0,06.0,08.0,08.0,07.2,07.2,06.2,06.2,05.2,05.2,08.0,08.0,06.0,06.0,08.0,08.0,06.0,06.0,06.0,06.0,06.0,06.0,06.0,06.0
d:\hsom\src\data\shanx041.krn 06.2,06.2,09.2,09.2,06.0,06.0,08.0,05.2,06.0,08.0,06.0,09.0,07.0,07.0,07.0,07.0,06.2,06.2,09.2,05.2,06.0,08.0,06.2,09.2,07.2,07.2,07.2,07.2,07.2,07.2,07.2,07.2,06.2,06.2,09.2,09.2,06.0,06.0,08.0,05.2,06.0,08.0,06.0,09.0,07.0,07.0,07.0,07.0,06.2,06.2,09.2,05.2,06.0,08.0,06.2,09.2,06.0,06.0,06.0,06.0,06.0,06.0,06.0,06.0
d:\hsom\src\data\shanx042.krn 07.2,07.2,07.2,07.2,07.2,07.2,07.2,07.2,06.2,06.2,07.2,07.2,05.2,05.2,08.0,08.0,11.0,11.0,06.0,06.0,08.0,08.0,04.0,04.0,07.0,07.0,07.0,07.0,07.0,07.0,07.0,07.0,07.2,07.2,07.2,07.2,07.2,07.2,07.2,07.2,06.2,06.2,07.2,07.2,05.2,05.2,08.0,08.0,11.0,11.0,06.0,06.0,08.0,08.0,08.0,08.0,06.0,06.0,06.0,06.0,06.0,06.0,06.0,06.0
d:\hsom\src\data\shanx043.krn 09.0,09.0,09.0,09.0,08.0,08.0,08.0,08.0,07.8,07.8,05.8,05.8,08.8,08.8,08.8,08.8,07.0,07.0,07.0,07.0,09.0,09.0,06.0,06.0,09.0,09.0,09.0,09.0,09.0,09.0,09.0,09.0,09.0,09.0,09.0,09.0,08.0,08.0,08.0,08.0,07.8,07.8,05.8,05.8,08.8,08.8,08.8,08.8,07.0,07.0,07.0,07.0,09.0,06.0,05.0,05.0,07.8,07.8,07.8,07.8,07.8,07.8,07.8,07.8
d:\hsom\src\data\shanx044.krn 07.2,07.2,07.2,07.2,07.2,07.2,07.2,07.2,06.2,06.2,07.2,07.2,07.2,07.2,05.2,05.2,08.0,08.0,08.0,08.0,05.2,05.2,09.0,09.0,07.0,07.0,07.0,07.0,07.0,07.0,07.0,07.0,07.2,07.2,07.2,07.2,07.2,07.2,07.2,07.2,06.2,06.2,07.2,07.2,07.2,07.2,05.2,05.2,08.0,08.0,08.0,08.0,05.2,05.2,08.0,08.0,06.0,06.0,06.0,06.0,06.0,06.0,06.0,06.0
d:\hsom\src\data\shanx045.krn 06.0,06.0,11.0,06.0,08.0,08.0,08.0,08.0,08.0,08.0,07.2,07.2,05.2,05.2,08.0,08.0,06.0,06.0,11.0,11.0,06.0,06.0,05.2,05.2,08.0,08.0,08.0,08.0,08.0,08.0,08.0,08.0,06.0,06.0,11.0,06.0,08.0,08.0,08.0,08.0,08.0,08.0,07.2,07.2,05.2,05.2,08.0,08.0,06.0,06.0,11.0,11.0,06.0,06.0,08.0,08.0,06.0,06.0,06.0,06.0,06.0,06.0,06.0,06.0
d:\hsom\src\data\shanx046.krn 08.0,08.0,08.0,08.0,09.2,09.2,09.2,09.2,06.0,06.0,09.0,09.0,09.0,09.0,06.0,06.0,08.0,08.0,09.2,09.2,06.0,06.0,06.0,06.0,08.0,08.0,08.0,08.0,08.0,08.0,08.0,08.0,08.0,08.0,08.0,08.0,09.2,09.2,09.2,09.2,06.0,06.0,09.0,09.0,09.0,09.0,06.0,06.0,08.0,08.0,09.2,09.2,06.0,06.0,06.0,09.0,07.0,07.0,07.0,07.0,07.0,07.0,07.0,07.0
d:\hsom\src\data\shanx048.krn 07.2,07.2,09.2,09.2,09.2,09.2,07.2,07.2,05.2,05.2,08.0,08.0,08.0,08.0,08.0,08.0,08.0,08.0,08.0,05.2,07.2,07.2,05.2,05.2,07.0,07.0,07.0,07.0,07.0,07.0,07.0,07.0,07.2,07.2,09.2,09.2,09.2,09.2,07.2,07.2,05.2,05.2,08.0,08.0,08.0,08.0,08.0,08.0,08.0,08.0,08.0,05.2,07.2,07.2,05.2,05.2,06.0,06.0,06.0,06.0,06.0,06.0,06.0,06.0
d:\hsom\src\data\shanx049.krn 07.2,07.2,09.2,09.2,09.2,09.2,09.2,07.2,08.0,08.0,06.2,06.2,06.2,06.2,09.2,09.2,07.2,07.2,08.0,08.0,05.2,05.2,05.2,06.0,05.2,05.2,05.2,05.2,05.2,05.2,05.2,05.2,07.2,07.2,09.2,09.2,09.2,09.2,09.2,07.2,08.0,08.0,06.2,06.2,06.2,06.2,09.2,09.2,07.2,07.2,08.0,08.0,05.2,05.2,05.2,05.2,08.0,08.0,09.0,09.0,06.0,06.0,06.0,06.0
d:\hsom\src\data\shanx050.krn 07.2,07.2,07.0,07.0,06.0,06.0,08.0,08.0,06.0,08.0,07.0,07.0,07.0,07.0,07.0,07.0,07.2,07.2,07.0,07.0,06.0,06.0,08.0,08.0,07.2,07.2,07.2,07.2,07.2,07.2,07.2,07.2,07.2,07.2,06.0,06.0,08.0,08.0,05.2,05.2,06.0,08.0,07.0,07.0,07.0,07.0,07.0,07.0,07.2,07.2,06.0,06.0,06.0,06.0,08.0,08.0,06.0,06.0,06.0,06.0,06.0,06.0,06.0,06.0
d:\hsom\src\data\shanx067.krn 09.2,06.2,09.2,07.2,09.2,09.2,09.2,09.2,06.0,06.0,06.0,08.0,05.2,05.2,05.2,05.2,05.2,07.2,09.2,06.2,06.0,08.0,05.2,05.2,09.2,07.2,10.0,08.0,06.0,06.0,06.0,06.0,09.2,06.2,09.2,07.2,09.2,06.2,09.2,07.2,06.0,06.0,06.0,08.0,05.2,05.2,05.2,05.2,05.2,07.2,09.2,06.2,06.0,08.0,05.2,05.2,09.2,06.2,10.0,08.0,06.0,06.0,06.0,06.0
d:\hsom\src\data\shanx070.krn 08.0,08.0,08.0,08.0,06.0,06.0,09.0,09.0,08.0,08.0,08.0,08.0,06.0,06.0,09.0,09.0,06.0,06.0,06.0,06.0,08.0,08.0,09.0,09.0,07.0,07.0,05.0,05.0,07.8,07.8,07.8,07.8,05.2,05.2,05.2,05.2,10.0,10.0,08.0,08.0,06.0,06.0,06.0,06.0,09.0,09.0,07.0,07.0,06.0,06.0,05.0,05.0,07.0,07.0,07.8,07.8,05.8,05.8,05.8,05.8,05.8,05.8,05.8,05.8
d:\hsom\src\data\shanx083.krn 09.2,09.2,09.2,07.2,05.2,05.2,10.0,10.0,08.0,08.0,09.0,09.0,06.0,06.0,06.0,06.0,08.0,08.0,08.0,09.2,05.2,05.2,10.0,10.0,08.0,08.0,09.0,09.0,06.0,06.0,06.0,06.0,09.0,09.0,06.0,06.0,05.2,05.2,10.0,08.0,06.0,06.0,06.0,08.0,05.2,05.2,09.0,09.0,06.0,06.0,06.0,08.0,06.0,06.0,05.0,05.0,09.0,09.0,07.0,09.0,05.0,05.0,05.0,05.0
d:\hsom\src\data\shanx097.krn 06.2,06.2,09.2,09.2,07.2,09.2,07.2,05.2,08.0,08.0,05.2,05.2,09.0,09.0,09.0,06.0,09.0,09.0,06.0,06.0,05.2,05.2,09.0,09.0,07.0,07.0,07.0,07.0,07.0,07.0,07.0,07.0,06.2,06.2,09.2,09.2,07.2,09.2,07.2,05.2,08.0,08.0,06.0,06.0,08.0,08.0,08.0,08.0,05.2,05.2,08.0,08.0,06.0,08.0,06.0,09.0,06.0,06.0,06.0,06.0,06.0,06.0,06.0,06.0
d:\hsom\src\data\shanx105.krn 05.2,05.2,08.0,05.2,06.0,06.0,06.0,06.0,06.0,06.0,05.2,05.2,08.0,08.0,06.0,06.0,05.2,05.2,08.0,06.0,09.0,09.0,07.0,07.0,05.0,05.0,05.0,05.0,07.8,07.8,05.8,05.8,05.2,05.2,06.0,06.0,05.2,05.2,08.0,08.0,06.0,06.0,06.0,06.0,09.0,09.0,07.0,05.0,07.0,07.0,07.8,07.8,05.8,05.8,05.0,05.0,05.8,05.8,05.8,05.8,05.8,05.8,05.8,05.8
d:\hsom\src\data\shanx106.krn 05.2,05.2,07.2,07.2,09.2,09.2,07.2,05.2,08.0,08.0,06.0,09.0,07.0,07.0,07.0,07.0,05.2,05.2,07.2,07.2,09.2,09.2,07.2,05.2,08.0,08.0,08.0,08.0,08.0,08.0,08.0,08.0,05.2,05.2,07.2,07.2,09.2,09.2,07.2,05.2,08.0,08.0,06.0,09.0,07.0,07.0,07.0,07.0,06.0,06.0,05.2,05.2,08.0,08.0,06.0,09.0,06.0,06.0,06.0,06.0,06.0,06.0,06.0,06.0
d:\hsom\src\data\shanx113.krn 06.0,06.0,06.0,06.0,09.0,09.0,06.0,06.0,08.0,08.0,09.0,09.0,07.0,07.0,07.0,09.0,06.0,06.0,08.0,05.2,06.0,08.0,06.0,09.0,07.0,07.0,05.0,05.0,07.8,07.8,05.8,05.8,05.0,05.0,05.0,07.0,09.0,09.0,06.0,08.0,09.0,09.0,07.0,09.0,05.8,05.8,05.8,07.8,05.0,05.0,09.8,07.8,07.0,07.0,07.8,07.8,05.8,05.8,05.8,05.8,05.8,05.8,05.8,05.8
d:\hsom\src\data\shanx154.krn 07.0,07.0,09.8,09.8,07.8,07.8,07.8,07.8,08.0,08.0,08.0,08.0,09.0,09.0,08.0,08.0,09.0,09.0,08.0,08.0,07.0,07.0,07.8,07.8,05.0,05.0,05.0,05.0,05.0,05.0,05.0,05.0,09.0,09.0,09.0,09.0,08.0,08.0,08.0,08.0,05.0,05.0,07.8,07.8,06.0,06.0,09.0,09.0,07.0,07.0,09.0,06.0,09.8,09.8,07.8,07.8,05.8,05.8,05.8,05.8,05.8,05.8,05.8,05.8
d:\hsom\src\data\shanx162.krn 08.0,08.0,08.0,06.0,09.0,09.0,07.0,09.0,06.0,06.0,06.0,06.0,06.0,06.0,05.2,05.2,08.0,08.0,08.0,06.0,09.0,09.0,09.0,07.0,05.0,05.0,05.0,05.0,05.0,05.0,07.8,07.8,05.0,07.8,05.0,07.0,06.0,06.0,06.0,09.0,07.0,09.0,05.0,07.0,09.0,09.0,09.0,09.0,07.8,05.0,07.8,05.0,07.0,07.0,05.0,07.8,05.8,05.8,05.8,07.8,05.8,05.8,05.8,05.8
d:\hsom\src\data\shanx163.krn 07.2,07.2,07.2,09.2,07.2,07.2,07.2,07.2,07.2,07.2,05.2,05.2,08.0,08.0,08.0,08.0,07.2,07.2,07.2,07.2,09.0,09.0,06.0,06.0,08.0,08.0,08.0,08.0,08.0,08.0,08.0,08.0,07.2,07.2,07.2,07.2,07.2,07.2,05.2,05.2,08.0,08.0,08.0,08.0,08.0,08.0,06.0,06.0,09.0,09.0,09.0,09.0,09.0,09.0,07.0,09.0,07.0,07.0,07.0,07.0,07.0,07.0,07.0,07.0
d:\hsom\src\data\shanx166.krn 06.0,06.0,08.0,06.0,07.0,07.0,07.0,07.0,08.0,08.0,06.0,09.0,07.0,07.0,07.0,07.0,06.0,06.0,06.0,06.0,08.0,08.0,06.0,09.0,07.0,09.0,07.0,05.0,07.8,07.8,07.8,07.8,07.0,07.0,07.0,07.0,06.0,06.0,06.0,06.0,07.8,07.8,05.0,05.0,04.0,04.0,04.0,04.0,07.8,07.8,07.8,05.0,07.8,07.8,05.8,08.8,06.8,06.8,06.8,06.8,06.8,06.8,06.8,06.8
d:\hsom\src\data\shanx167.krn 05.0,05.0,07.0,09.0,09.8,09.8,07.8,07.8,06.0,06.0,08.0,05.2,06.0,06.0,06.0,06.0,09.0,09.0,07.0,09.0,05.0,05.0,07.8,05.0,07.0,07.0,07.0,07.0,07.0,07.0,07.0,07.0,06.0,06.0,08.0,05.2,06.0,06.0,04.0,09.0,07.0,07.0,09.0,09.0,06.0,06.0,06.0,06.0,05.0,05.0,09.8,07.8,05.8,05.8,06.8,06.8,05.8,05.8,05.8,05.8,05.8,05.8,05.8,05.8
d:\hsom\src\data\shanx178.krn 09.2,09.2,09.2,09.2,09.2,09.2,09.2,09.2,06.2,06.2,06.2,06.2,05.2,05.2,05.2,05.2,07.2,07.2,05.2,05.2,08.0,08.0,05.2,05.2,07.2,07.2,07.2,07.2,07.2,07.2,07.2,07.2,09.2,09.2,05.2,05.2,05.2,05.2,05.2,05.2,07.2,07.2,07.2,07.2,07.2,07.2,08.0,08.0,06.0,06.0,08.0,08.0,06.0,06.0,09.0,09.0,06.0,06.0,06.0,06.0,06.0,06.0,06.0,06.0
d:\hsom\src\data\shanx184.krn 09.2,09.2,09.2,09.2,05.2,05.2,07.2,07.2,06.2,06.2,06.2,06.2,05.2,05.2,08.0,08.0,09.2,09.2,05.2,05.2,05.2,05.2,07.2,09.2,05.2,05.2,10.0,08.0,06.0,06.0,06.0,06.0,09.2,09.2,05.2,05.2,05.2,05.2,07.2,07.2,06.0,06.0,05.2,05.2,10.0,10.0,08.0,08.0,06.0,06.0,08.0,08.0,08.0,08.0,06.0,09.0,06.0,06.0,06.0,06.0,06.0,06.0,06.0,06.0
d:\hsom\src\data\shanx187.krn 07.0,07.0,07.0,07.0,07.0,07.0,07.0,07.0,09.0,09.0,07.0,07.0,09.0,09.0,06.0,06.0,07.0,07.0,05.0,05.0,07.8,07.8,05.8,05.8,08.8,08.8,08.8,08.8,08.8,08.8,08.8,08.8,09.0,09.0,09.0,09.0,09.0,09.0,07.0,07.0,07.8,07.8,05.0,05.0,07.0,07.0,09.0,09.0,07.0,07.0,07.0,07.8,05.8,05.8,08.8,08.8,05.8,05.8,05.8,05.8,05.8,05.8,05.8,05.8
d:\hsom\src\data\shanx188.krn 06.0,06.0,06.0,06.0,08.0,08.0,06.0,05.2,05.2,08.0,06.0,08.0,06.0,06.0,06.0,06.0,09.0,09.0,07.0,07.8,05.0,05.0,07.0,09.0,05.0,07.0,07.8,07.8,05.8,05.8,05.8,05.8,09.0,09.0,07.0,09.0,06.0,06.0,06.0,06.0,09.0,09.0,07.0,07.8,05.0,05.0,07.0,09.0,05.0,05.0,07.0,07.8,05.8,08.8,05.8,07.8,05.0,05.0,05.0,05.0,05.0,05.0,05.0,05.0
d:\hsom\src\data\shanx190.krn 07.2,07.2,08.0,08.0,07.2,07.2,08.0,08.0,06.0,06.0,08.0,05.2,06.0,06.0,06.0,06.0,05.2,05.2,09.0,09.0,06.0,06.0,08.0,06.0,05.0,05.0,07.0,07.0,08.0,08.0,06.0,06.0,06.0,06.0,06.0,05.2,08.0,08.0,06.0,06.0,05.2,05.2,05.2,09.0,07.0,07.0,07.0,07.0,06.0,06.0,05.0,09.0,07.0,09.0,07.0,07.8,05.8,05.8,05.8,05.8,05.8,05.8,05.8,05.8
d:\hsom\src\data\shanx201.krn 09.2,09.2,09.2,09.2,06.2,06.2,09.2,07.2,06.2,06.2,09.2,09.2,07.2,07.2,07.2,07.2,07.2,07.2,09.2,09.2,06.2,06.2,09.2,07.2,05.2,05.2,05.2,07.2,05.2,08.0,05.2,05.2,05.2,05.2,10.0,10.0,09.2,09.2,07.2,05.2,07.2,07.2,10.0,08.0,06.0,09.0,06.0,06.0,06.0,06.0,10.0,10.0,09.2,09.2,07.2,05.2,07.2,06.2,10.0,08.0,06.0,06.0,06.0,06.0
d:\hsom\src\data\shanx218.krn 07.2,07.2,07.2,07.2,05.2,07.2,06.2,06.2,09.2,09.2,09.2,07.2,05.2,05.2,07.2,07.2,06.2,06.2,06.2,09.2,09.2,07.2,05.2,07.2,06.0,06.0,06.0,08.0,04.0,04.0,07.0,07.0,08.0,08.0,07.2,07.2,07.2,07.2,06.2,06.2,09.2,09.2,07.2,09.2,06.0,06.0,06.0,08.0,05.2,05.2,05.2,07.2,08.0,06.0,04.0,09.0,07.0,07.0,07.0,07.0,07.0,07.0,07.0,07.0
d:\hsom\src\data\shanx243.krn 07.2,07.2,06.2,06.2,09.2,09.2,09.2,07.2,05.2,05.2,07.2,07.2,07.2,07.2,09.2,09.2,06.2,06.2,08.2,06.2,09.2,06.2,09.2,07.2,05.2,05.2,05.2,08.0,06.0,08.0,06.0,06.0,08.0,08.0,05.2,05.2,07.2,07.2,07.2,09.2,06.2,06.2,07.2,07.2,07.2,07.2,08.0,08.0,05.2,05.2,05.2,08.0,06.0,08.0,06.0,09.0,07.0,07.0,07.0,07.0,07.0,07.0,07.0,07.0
d:\hsom\src\data\shanx250.krn 06.0,06.0,06.0,06.0,06.0,06.0,06.0,08.0,08.0,08.0,06.0,04.0,06.0,06.0,06.0,06.0,09.0,09.0,05.0,05.0,07.0,07.0,09.0,07.0,05.0,05.0,09.8,07.8,05.8,05.8,05.8,05.8,09.0,09.0,09.0,09.0,06.0,06.0,06.0,09.0,07.0,07.0,05.0,07.0,06.0,06.0,09.0,09.0,07.8,07.8,05.8,07.8,09.8,09.8,09.8,07.8,05.8,05.8,05.8,05.8,05.8,05.8,05.8,05.8
d:\hsom\src\data\shanx255.krn 05.2,05.2,05.2,08.0,06.0,09.0,09.0,06.0,05.2,05.2,05.2,08.0,06.0,06.0,06.0,09.0,06.0,06.0,06.0,05.2,08.0,06.0,06.0,09.0,07.0,07.0,07.0,05.0,07.0,07.0,07.0,07.0,06.0,06.0,06.0,09.0,08.0,08.0,08.0,06.0,08.0,09.0,09.0,07.0,05.0,05.0,05.0,07.8,06.0,06.0,06.0,09.0,06.0,07.0,07.0,05.0,05.8,05.8,05.8,05.8,05.8,05.8,05.8,05.8
d:\hsom\src\data\shanx265.krn 09.2,09.2,09.2,09.2,09.2,09.2,09.2,09.2,06.2,06.2,04.2,04.2,09.2,09.2,09.2,09.2,10.0,10.0,07.2,07.2,09.2,09.2,07.2,07.2,08.0,08.0,06.0,06.0,09.0,09.0,09.0,09.0,09.2,09.2,10.0,10.0,07.2,07.2,09.2,09.2,09.2,09.2,09.2,07.2,05.2,05.2,10.0,10.0,09.2,09.2,10.0,10.0,08.0,08.0,09.0,09.0,06.0,06.0,06.0,06.0,06.0,06.0,06.0,06.0
d:\hsom\src\data\shanx266.krn 08.0,08.0,08.0,05.2,08.0,08.0,07.0,07.0,05.2,05.2,08.0,08.0,06.0,06.0,09.0,09.0,08.0,08.0,06.0,06.0,05.2,05.2,09.0,09.0,07.0,07.0,05.0,05.0,07.8,07.8,07.8,07.8,09.0,09.0,07.0,07.0,09.0,09.0,06.0,06.0,07.0,07.0,07.8,07.8,05.0,05.0,05.0,05.0,08.0,08.0,08.0,05.2,08.0,08.0,09.0,09.0,06.0,06.0,06.0,06.0,06.0,06.0,06.0,06.0
d:\hsom\src\data\shanx269.krn 06.0,06.0,05.2,05.2,05.2,05.2,05.2,09.0,06.0,06.0,08.0,06.0,09.0,09.0,07.0,07.0,05.2,05.2,05.2,07.2,06.2,08.2,06.2,09.2,07.2,07.2,07.2,07.2,07.2,07.2,09.2,07.2,05.2,05.2,05.2,07.2,06.2,06.2,09.2,07.2,05.2,05.2,07.2,05.2,08.0,08.0,06.0,06.0,06.0,06.0,06.0,08.0,05.2,05.2,07.2,05.2,06.0,06.0,06.0,06.0,06.0,06.0,06.0,06.0
d:\hsom\src\data\shanx271.krn 06.0,06.0,06.0,06.0,04.0,04.0,09.0,06.0,05.2,05.2,10.0,08.0,06.0,06.0,06.0,06.0,05.2,05.2,10.0,08.0,06.0,06.0,06.0,08.0,05.0,05.0,09.8,07.8,07.0,07.0,07.0,07.0,07.0,07.0,07.0,09.0,05.2,05.2,08.0,06.0,06.0,09.8,07.0,09.0,05.8,05.8,05.8,07.8,05.0,05.0,05.0,09.0,07.0,05.0,09.8,07.8,05.8,05.8,05.8,05.8,05.8,05.8,05.8,05.8
d:\hsom\src\data\shanx274.krn 06.0,06.0,06.0,08.0,06.0,06.0,09.0,07.0,06.0,06.0,06.0,08.0,06.0,06.0,09.0,07.0,06.0,06.0,06.0,08.0,06.0,06.0,09.0,07.0,09.0,06.0,09.0,07.0,05.0,05.0,05.0,05.0,06.0,09.0,09.0,06.0,05.0,05.0,05.0,05.0,06.0,06.0,08.0,08.0,06.0,06.0,09.0,07.0,06.0,09.0,09.0,06.0,06.0,06.0,09.0,07.0,09.0,06.0,09.0,07.0,05.0,05.0,05.0,05.0
d:\hsom\src\data\shanx313.krn 06.0,06.0,09.8,09.8,07.0,07.0,07.0,07.0,07.0,07.0,06.0,06.0,09.0,09.0,06.0,06.0,07.0,07.0,09.0,07.0,05.0,05.0,07.0,07.0,09.0,09.0,07.0,05.0,09.8,09.8,09.8,09.8,05.8,05.8,05.8,07.8,05.0,05.0,05.0,05.0,07.0,07.0,09.0,09.0,07.0,07.0,05.0,05.0,07.0,07.0,07.0,05.8,05.0,05.0,07.8,07.8,05.8,05.8,05.8,05.8,05.8,05.8,05.8,05.8
d:\hsom\src\data\shanx336.krn 08.0,08.0,08.0,08.0,08.0,05.2,08.0,06.0,09.0,09.0,06.0,07.0,05.0,05.0,07.8,07.8,08.0,08.0,08.0,08.0,08.0,05.2,08.0,06.0,09.0,09.0,09.0,09.0,09.0,09.0,08.0,08.0,08.0,08.0,08.0,08.0,08.0,05.2,08.0,06.0,09.0,09.0,06.0,07.0,05.0,05.0,07.8,07.8,07.0,07.0,07.0,06.0,09.0,07.0,05.0,05.0,07.8,07.8,07.8,07.8,07.8,07.8,07.8,07.8
d:\hsom\src\data\shanx338.krn 06.0,06.0,06.0,06.0,08.0,08.0,09.0,07.0,05.0,05.0,07.8,05.0,07.0,07.0,07.0,07.0,06.0,06.0,06.0,06.0,08.0,08.0,09.0,07.0,05.0,05.0,07.8,05.0,07.0,07.0,07.0,07.0,06.0,06.0,06.0,06.0,08.0,08.0,06.0,09.0,07.0,07.0,06.0,06.0,07.0,09.0,07.0,05.0,05.8,05.8,05.0,05.0,07.0,05.0,07.8,05.0,05.8,05.8,05.8,05.8,05.8,05.8,05.8,05.8
d:\hsom\src\data\shanx341.krn 06.0,06.0,06.0,06.0,05.2,05.2,08.0,06.0,04.0,04.0,08.0,08.0,06.0,06.0,06.0,06.0,05.2,05.2,08.0,06.0,09.0,09.0,09.0,07.0,05.0,05.0,07.8,07.8,05.8,05.8,05.8,05.8,06.0,06.0,06.0,06.0,08.0,08.0,06.0,06.0,05.0,05.0,05.0,09.0,07.0,07.0,07.0,07.0,07.0,07.0,07.8,07.8,05.0,05.0,07.8,07.8,05.8,05.8,05.8,05.8,05.8,05.8,05.8,05.8
d:\hsom\src\data\shanx345.krn 07.2,07.2,07.2,07.2,05.2,07.2,09.2,06.2,07.2,07.2,07.2,07.2,05.2,05.2,08.0,08.0,07.2,07.2,09.2,06.2,09.2,07.2,05.2,08.0,08.0,06.0,04.0,07.0,06.0,06.0,06.0,06.0,07.2,07.2,06.0,08.0,07.2,07.2,07.2,05.2,08.0,05.2,08.0,06.0,04.0,04.0,04.0,06.0,08.0,08.0,08.0,05.2,08.0,06.0,04.0,09.0,07.0,07.0,07.0,05.0,07.0,07.0,07.0,07.0
d:\hsom\src\data\shanx347.krn 06.0,06.0,06.0,06.0,06.0,06.0,06.0,06.0,09.0,09.0,06.0,06.0,05.2,05.2,08.0,06.0,09.0,09.0,06.0,05.2,08.0,08.0,06.0,09.0,07.0,07.0,07.0,09.0,07.0,07.0,07.0,07.0,06.0,06.0,09.0,09.0,05.2,05.2,08.0,06.0,09.0,09.0,06.0,06.0,05.0,05.0,07.8,07.8,09.0,09.0,09.0,06.0,07.0,05.0,05.0,07.8,05.8,05.8,05.8,05.0,05.8,05.8,05.8,05.8
d:\hsom\src\data\shanx355.krn 09.2,09.2,09.2,10.0,07.2,07.2,05.2,07.2,05.2,05.2,05.2,07.2,08.2,08.2,06.2,09.2,07.2,07.2,06.2,10.0,08.0,08.0,06.0,09.0,07.0,07.0,07.0,07.0,07.0,07.0,07.0,07.0,09.2,09.2,09.2,10.0,07.2,07.2,05.2,07.2,05.2,05.2,05.2,07.2,08.2,08.2,06.2,09.2,07.2,07.2,06.2,10.0,08.0,08.0,06.0,09.0,06.0,06.0,06.0,06.0,06.0,06.0,06.0,06.0
d:\hsom\src\data\shanx356.krn 09.2,09.2,07.2,09.2,06.0,06.0,06.0,08.0,05.2,07.2,09.2,07.2,05.2,05.2,08.0,06.0,09.2,09.2,06.0,06.0,08.0,06.0,06.0,09.0,07.2,07.2,07.2,07.2,07.2,07.2,07.2,07.2,09.2,09.2,07.2,09.2,06.0,06.0,06.0,08.0,05.2,07.2,09.2,07.2,05.2,05.2,08.0,06.0,09.2,09.2,06.0,06.0,08.0,06.0,06.0,09.0,06.0,06.0,06.0,06.0,06.0,06.0,06.0,06.0
d:\hsom\src\data\shanx361.krn 07.0,07.0,07.8,05.0,07.0,07.0,07.8,05.0,07.0,07.0,07.8,05.0,07.0,07.0,05.0,07.8,05.8,07.8,05.0,05.0,05.0,05.0,07.8,05.8,07.8,05.8,03.8,08.8,06.8,06.8,06.8,06.8,07.0,07.0,07.0,05.0,07.8,07.8,07.8,05.8,07.8,07.8,09.8,09.8,07.8,07.8,07.8,07.8,05.8,07.8,05.0,05.0,05.0,07.8,05.8,05.8,07.8,05.8,03.8,08.8,06.8,06.8,06.8,06.8
d:\hsom\src\data\shanx363.krn 09.0,09.0,09.0,07.0,09.0,07.0,09.0,05.0,07.8,07.8,07.8,07.8,07.8,07.8,09.0,09.0,07.0,09.0,07.0,05.0,09.8,09.8,07.8,08.8,05.8,05.8,05.8,05.8,05.8,05.8,05.8,05.8,07.8,07.8,07.0,07.0,05.0,05.0,09.8,07.8,05.8,07.8,05.0,05.0,08.8,08.8,08.8,09.0,07.0,09.0,07.0,05.0,09.8,09.8,07.8,08.8,05.8,05.8,05.8,05.8,05.8,05.8,05.8,05.8
d:\hsom\src\data\shanx388.krn 05.2,05.2,05.2,05.2,07.2,10.0,08.0,06.0,09.0,06.0,09.0,07.8,05.8,05.8,05.8,07.8,05.2,05.2,05.2,05.2,07.2,10.0,08.0,06.0,09.0,06.0,09.0,07.8,05.8,05.8,05.8,05.8,05.2,05.2,09.0,06.0,08.0,08.0,05.2,05.2,05.2,05.2,09.0,06.0,08.0,06.0,09.0,07.0,05.0,07.8,05.0,07.0,06.0,06.0,06.0,07.0,05.0,05.0,05.0,05.0,05.0,05.0,05.0,05.0
d:\hsom\src\data\shanx389.krn 09.2,09.2,07.2,09.2,06.0,06.0,06.0,08.0,05.2,05.2,05.2,07.2,05.2,08.0,08.0,06.0,09.2,09.2,06.0,06.0,08.0,06.0,09.0,09.0,07.2,07.2,07.2,07.2,07.2,07.2,07.2,07.2,09.2,09.2,07.2,09.2,06.0,06.0,06.0,08.0,05.2,05.2,05.2,07.2,05.2,08.0,08.0,06.0,09.2,09.2,06.0,06.0,08.0,06.0,09.0,09.0,06.0,06.0,06.0,06.0,06.0,06.0,06.0,06.0
d:\hsom\src\data\shanx391.krn 06.0,06.0,06.0,06.0,04.0,04.0,09.0,09.0,08.0,08.0,09.0,09.0,07.0,07.0,07.0,07.0,06.0,06.0,07.0,07.0,09.0,09.0,06.0,06.0,06.0,06.0,05.0,05.0,09.8,09.8,07.8,07.8,06.0,06.0,09.8,09.8,07.0,07.0,09.0,09.0,06.0,06.0,05.0,05.0,09.8,09.8,07.8,07.8,05.8,05.8,05.8,07.8,07.0,07.0,05.0,05.0,05.8,05.8,05.8,05.8,05.8,05.8,05.8,05.8
d:\hsom\src\data\shanx402.krn 06.0,06.0,06.0,06.0,08.0,06.0,09.0,07.0,05.0,09.8,07.8,05.0,07.0,07.0,07.0,07.0,06.0,06.0,06.0,06.0,08.0,06.0,09.0,07.0,05.0,09.8,07.8,05.0,07.0,07.0,07.0,07.0,07.0,07.0,06.0,06.0,08.0,06.0,09.0,07.0,05.0,05.0,05.8,05.8,05.0,05.0,09.8,07.8,05.8,05.8,05.8,07.8,09.8,09.8,07.0,07.8,05.8,05.8,05.8,05.8,05.8,05.8,05.8,05.8
d:\hsom\src\data\shanx403.krn 06.0,06.0,08.0,08.0,06.0,06.0,06.0,06.0,09.0,09.0,07.0,07.0,05.0,05.0,07.8,07.8,05.0,05.0,07.0,07.0,09.0,09.0,06.0,06.0,07.0,07.0,07.0,07.0,07.0,07.0,07.0,07.0,06.0,06.0,08.0,08.0,06.0,06.0,06.0,06.0,09.0,09.0,07.0,07.0,05.0,05.0,07.8,07.8,05.0,05.0,07.0,07.0,09.0,09.0,07.8,07.8,05.8,05.8,05.8,05.8,05.8,05.8,05.8,05.8
d:\hsom\src\data\shanx404.krn 09.0,09.0,09.0,09.0,09.0,09.0,07.0,07.0,05.0,05.0,07.0,07.0,07.0,07.0,09.0,09.0,06.0,06.0,08.0,08.0,06.0,06.0,09.0,09.0,07.0,07.0,07.0,07.0,07.0,07.0,07.0,07.0,09.0,09.0,09.0,09.0,09.0,09.0,07.0,07.0,05.0,05.0,07.0,07.0,07.0,07.0,09.0,09.0,07.0,07.0,05.0,05.0,07.8,07.8,07.8,07.8,05.8,05.8,05.8,05.8,05.8,05.8,05.8,05.8
d:\hsom\src\data\shanx405.krn 07.0,07.0,07.0,07.0,07.0,05.2,08.0,05.2,05.0,05.0,07.8,10.8,05.8,05.8,05.8,05.8,05.8,05.8,06.0,06.0,11.0,06.0,05.2,08.0,07.0,07.0,07.0,07.0,07.0,07.0,07.0,07.0,07.0,07.0,07.0,07.0,07.0,05.2,08.0,05.2,05.0,05.0,07.8,10.8,05.8,05.8,05.8,05.8,05.8,05.8,06.0,06.0,11.0,06.0,05.2,07.8,05.8,05.8,05.8,05.8,05.8,05.8,05.8,05.8
d:\hsom\src\data\shanx406.krn 08.0,08.0,08.0,08.0,08.0,08.0,09.0,07.0,05.0,05.0,07.8,07.8,06.0,06.0,06.0,09.0,09.0,06.0,07.0,05.0,07.8,07.8,07.8,07.0,07.8,07.8,07.8,07.8,07.8,07.8,07.8,07.8,08.0,08.0,08.0,08.0,08.0,08.0,09.0,07.0,05.0,05.0,07.8,07.8,06.0,06.0,06.0,09.0,09.0,06.0,07.0,05.0,07.8,07.8,07.8,05.0,07.0,07.0,07.0,07.0,07.0,07.0,07.0,07.0
d:\hsom\src\data\shanx407.krn 08.0,08.0,08.0,08.0,08.0,06.2,09.2,06.2,08.0,08.0,08.0,06.0,09.0,09.0,09.0,06.0,06.0,06.0,06.0,07.2,05.2,05.2,05.2,06.0,08.0,08.0,08.0,08.0,08.0,08.0,08.0,08.0,08.0,08.0,08.0,08.0,08.0,06.2,09.2,06.2,08.0,08.0,08.0,06.0,09.0,09.0,09.0,06.0,06.0,06.0,06.0,07.2,05.2,05.2,09.0,09.0,07.0,07.0,07.0,07.0,07.0,07.0,07.0,07.0
d:\hsom\src\data\shanx408.krn 07.2,07.2,07.0,07.0,07.0,07.0,07.2,07.2,07.2,07.2,07.2,09.2,07.2,07.2,05.2,05.2,07.2,07.2,07.0,07.0,07.0,07.0,07.2,07.2,05.2,05.2,05.2,05.2,05.2,05.2,05.2,05.2,07.2,07.2,07.0,07.0,07.0,07.0,07.2,07.2,07.2,07.2,07.2,09.2,07.2,07.2,05.2,05.2,05.2,05.2,08.0,08.0,04.0,04.0,06.0,04.0,07.0,07.0,07.0,07.0,07.0,07.0,07.0,07.0
d:\hsom\src\data\shanx409.krn 06.0,06.0,11.0,11.0,06.0,06.0,06.0,06.0,08.0,08.0,08.0,08.0,08.0,08.0,06.2,06.2,07.2,07.2,07.2,05.2,08.0,08.0,06.0,06.0,07.0,07.0,07.0,07.0,07.0,07.0,07.0,07.0,06.0,06.0,11.0,11.0,06.0,06.0,06.0,06.0,08.0,08.0,08.0,08.0,08.0,08.0,06.2,06.2,07.2,07.2,07.2,05.2,08.0,08.0,06.0,06.0,08.0,08.0,06.0,06.0,06.0,06.0,06.0,06.0
d:\hsom\src\data\shanx410.krn 09.2,09.2,09.2,07.2,09.2,09.2,06.2,06.2,08.0,08.0,05.2,05.2,05.2,05.2,08.0,06.0,09.0,09.0,07.0,07.0,09.0,09.0,06.2,06.2,07.0,07.0,07.0,07.0,07.0,07.0,07.0,07.0,09.2,09.2,09.2,07.2,09.2,09.2,06.2,06.2,08.0,08.0,05.2,05.2,05.2,05.2,08.0,06.0,09.0,09.0,06.0,06.0,08.0,08.0,09.2,09.2,06.0,06.0,06.0,06.0,06.0,06.0,06.0,06.0
d:\hsom\src\data\shanx411.krn 07.2,07.2,07.2,07.2,07.2,07.2,07.2,07.2,07.2,07.2,06.2,06.2,05.2,05.2,08.0,08.0,05.2,05.2,05.2,08.0,06.0,08.0,06.0,09.0,07.0,07.0,07.0,07.0,07.0,07.0,07.0,07.0,06.0,06.0,06.0,08.0,05.2,05.2,05.2,05.2,05.2,05.2,06.0,06.0,05.2,05.2,08.0,08.0,06.0,06.0,09.0,09.0,06.0,06.0,08.0,08.0,06.0,06.0,06.0,06.0,06.0,06.0,06.0,06.0
d:\hsom\src\data\shanx412.krn 08.0,08.0,06.0,06.0,05.2,05.2,05.2,05.2,09.2,09.2,06.0,06.0,06.0,06.0,09.0,09.0,07.0,07.0,05.2,05.2,08.0,08.0,05.2,05.2,06.0,06.0,06.0,06.0,06.0,06.0,06.0,06.0,08.0,08.0,06.0,06.0,05.2,05.2,05.2,05.2,09.2,09.2,06.0,06.0,06.0,06.0,09.0,09.0,07.0,07.0,05.2,05.2,08.0,08.0,05.2,05.2,05.0,05.0,05.0,05.0,05.0,05.0,05.0,05.0
d:\hsom\src\data\shanx415.krn 06.0,06.0,06.0,05.2,06.0,06.0,09.0,07.0,05.0,05.0,05.0,07.8,06.0,06.0,06.0,09.0,07.0,07.0,05.8,05.8,05.0,05.0,09.0,06.0,07.0,07.0,07.0,07.0,07.0,07.0,07.0,07.0,06.0,06.0,06.0,05.2,06.0,06.0,09.0,07.0,05.0,05.0,05.0,07.8,06.0,06.0,06.0,09.0,07.0,07.0,05.8,05.8,05.0,05.0,09.8,07.8,05.8,05.8,05.8,05.8,05.8,05.8,05.8,05.8
d:\hsom\src\data\shanx417.krn 05.2,05.2,05.2,05.2,05.2,05.2,05.2,05.2,09.2,09.2,09.2,09.2,06.2,06.2,06.2,06.2,09.2,09.2,07.2,07.2,05.2,05.2,09.0,09.0,06.0,06.0,06.0,06.0,06.0,06.0,06.0,06.0,06.0,06.0,06.0,08.0,05.2,05.2,07.2,07.2,08.0,08.0,06.0,06.0,05.0,05.0,05.0,05.0,09.0,09.0,06.0,06.0,06.0,06.0,07.8,07.8,05.0,05.0,05.0,05.0,05.0,05.0,05.0,05.0
d:\hsom\src\data\shanx418.krn 06.2,06.2,06.2,09.2,06.2,06.2,06.2,06.2,09.2,09.2,05.2,05.2,05.2,05.2,06.2,06.2,05.2,05.2,05.2,05.2,06.0,06.0,05.2,05.2,06.0,06.0,06.0,06.0,06.0,06.0,06.0,06.0,06.2,06.2,06.2,09.2,06.2,06.2,06.2,06.2,09.2,09.2,05.2,05.2,05.2,05.2,06.2,06.2,05.2,05.2,05.2,05.2,06.0,06.0,05.2,05.2,05.0,05.0,05.0,05.0,05.0,05.0,05.0,05.0
d:\hsom\src\data\shanx419.krn 07.2,07.2,07.2,06.2,07.2,07.2,07.2,07.2,07.2,05.2,08.0,06.0,07.0,07.0,07.0,07.0,08.0,08.0,06.0,06.0,06.0,06.0,06.0,05.2,08.0,06.0,08.0,09.0,07.0,07.0,07.0,07.0,07.2,07.2,07.2,06.2,07.2,07.2,07.2,07.2,07.2,05.2,08.0,06.0,07.0,07.0,07.0,07.0,08.0,08.0,06.0,06.0,06.0,06.0,06.0,05.2,08.0,08.0,06.0,06.0,06.0,06.0,06.0,06.0
d:\hsom\src\data\shanx420.krn 06.0,06.0,06.0,08.0,05.2,05.2,05.2,05.2,07.2,07.2,05.2,05.2,08.0,08.0,06.0,06.0,09.0,09.0,09.0,09.0,06.0,06.0,08.0,08.0,06.0,06.0,06.0,06.0,06.0,06.0,06.0,06.0,06.0,06.0,06.0,08.0,05.2,05.2,05.2,05.2,07.2,07.2,05.2,05.2,08.0,08.0,06.0,06.0,09.0,09.0,09.0,09.0,06.0,06.0,07.0,07.0,05.0,05.0,05.0,05.0,05.0,05.0,05.0,05.0
d:\hsom\src\data\shanx421.krn 08.0,08.0,08.0,08.0,05.2,05.2,08.0,08.0,06.0,06.0,09.0,09.0,09.0,09.0,09.0,09.0,08.0,08.0,08.0,08.0,05.2,05.2,08.0,08.0,06.0,06.0,09.0,09.0,09.0,09.0,09.0,09.0,08.0,08.0,08.0,08.0,05.2,05.2,08.0,08.0,06.0,06.0,09.0,09.0,09.0,09.0,07.0,07.0,07.8,07.8,07.8,09.0,07.0,07.0,05.0,05.0,07.0,07.0,07.8,07.8,07.8,07.8,07.8,07.8
d:\hsom\src\data\shanx422.krn 09.2,09.2,07.2,09.2,06.0,06.0,06.0,08.0,05.2,05.2,05.2,07.2,05.2,08.0,08.0,06.0,09.2,09.2,06.0,06.0,08.0,06.0,09.0,09.0,07.2,07.2,07.2,07.2,07.2,07.2,07.2,07.2,09.2,09.2,07.2,09.2,06.0,06.0,06.0,08.0,05.2,05.2,05.2,07.2,05.2,08.0,08.0,06.0,09.2,09.2,06.0,06.0,08.0,06.0,09.0,09.0,06.0,06.0,06.0,06.0,06.0,06.0,06.0,06.0
d:\hsom\src\data\shanx423.krn 06.0,06.0,06.0,09.0,05.2,05.2,05.2,05.2,07.2,07.2,06.0,06.0,06.0,06.0,09.0,09.0,08.0,08.0,05.0,05.0,06.0,08.0,05.2,07.2,06.0,06.0,06.0,06.0,06.0,06.0,06.0,06.0,06.0,06.0,06.0,09.0,05.2,05.2,05.2,05.2,07.2,07.2,06.0,06.0,06.0,06.0,09.0,09.0,08.0,08.0,05.0,05.0,06.0,08.0,05.2,05.2,05.0,05.0,05.0,05.0,05.0,05.0,05.0,05.0
d:\hsom\src\data\shanx424.krn 07.2,07.2,07.2,07.2,07.2,07.2,07.2,07.2,06.2,06.2,07.2,07.2,07.2,07.2,05.2,05.2,08.0,08.0,08.0,08.0,05.2,05.2,09.0,09.0,07.0,07.0,07.0,07.0,07.0,07.0,07.0,07.0,07.2,07.2,07.2,07.2,07.2,07.2,07.2,07.2,06.2,06.2,07.2,07.2,07.2,07.2,05.2,05.2,08.0,08.0,08.0,08.0,05.2,05.2,08.0,08.0,06.0,06.0,06.0,06.0,06.0,06.0,06.0,06.0
d:\hsom\src\data\shanx425.krn 06.0,06.0,05.2,08.0,06.0,06.0,06.0,06.0,05.2,05.2,07.2,07.2,06.2,06.2,07.2,07.2,06.0,06.0,08.0,08.0,06.0,06.0,06.0,09.0,07.0,07.0,07.0,07.0,07.0,07.0,07.0,07.0,06.0,06.0,05.2,08.0,06.0,06.0,06.0,06.0,05.2,05.2,07.2,07.2,06.2,06.2,07.2,07.2,06.2,06.2,08.0,08.0,06.0,06.0,06.0,09.0,06.0,06.0,06.0,06.0,06.0,06.0,06.0,06.0
d:\hsom\src\data\shanx426.krn 08.0,08.0,06.0,06.0,08.0,08.0,08.0,08.0,06.0,06.0,09.2,09.2,07.2,07.2,05.2,05.2,09.0,09.0,09.0,06.0,07.0,07.0,05.0,05.0,07.8,07.8,07.8,07.8,07.8,07.8,07.8,07.8,08.0,08.0,06.0,06.0,08.0,08.0,08.0,08.0,06.0,06.0,09.2,09.2,07.2,07.2,05.2,05.2,09.0,09.0,09.0,06.0,07.0,07.0,05.0,05.0,07.0,07.0,07.0,07.0,07.0,07.0,07.0,07.0
d:\hsom\src\data\shanx427.krn 08.2,08.2,08.2,06.2,09.2,09.2,09.2,09.2,09.2,09.2,07.2,07.2,05.2,05.2,08.0,08.0,07.2,07.2,07.2,07.2,07.2,07.2,05.2,05.2,09.0,09.0,09.0,09.0,09.0,09.0,09.0,09.0,08.2,08.2,08.2,06.2,09.2,09.2,09.2,09.2,09.2,09.2,07.2,07.2,05.2,05.2,06.0,06.0,06.0,06.0,07.2,07.2,05.2,05.2,05.2,05.2,08.0,08.0,08.0,08.0,08.0,08.0,08.0,08.0
d:\hsom\src\data\shanx428.krn 09.0,09.0,05.0,07.0,09.0,05.2,05.2,09.0,05.0,07.0,09.0,07.0,05.0,07.8,05.8,05.8,09.0,09.0,06.0,06.0,07.0,05.0,05.0,07.8,07.0,07.0,07.0,07.0,07.0,07.0,07.0,07.0,09.0,09.0,05.0,07.0,09.0,05.2,05.2,09.0,05.0,07.0,09.0,07.0,05.0,07.8,05.8,05.8,09.0,09.0,09.0,06.0,07.0,05.0,05.0,07.8,05.8,05.8,05.8,05.8,05.8,05.8,05.8,05.8
d:\hsom\src\data\shanx429.krn 07.2,07.2,07.2,07.2,07.2,07.2,07.2,07.2,09.2,09.2,09.2,09.2,07.2,07.2,06.2,06.2,05.2,05.2,08.0,08.0,06.0,06.0,09.0,09.0,07.0,07.0,07.0,07.0,07.0,07.0,07.0,07.0,07.2,07.2,07.2,07.2,07.2,07.2,07.2,07.2,09.2,09.2,09.2,09.2,07.2,07.2,06.2,06.2,05.2,05.2,08.0,08.0,06.0,06.0,08.0,08.0,06.0,06.0,06.0,06.0,06.0,06.0,06.0,06.0
d:\hsom\src\data\shanx430.krn 09.0,09.0,06.0,06.0,08.0,08.0,08.0,08.0,06.0,06.0,09.0,09.0,07.0,07.0,07.0,07.0,09.0,09.0,06.0,06.0,08.0,08.0,06.0,06.0,09.0,09.0,07.0,07.0,07.0,07.0,07.0,07.0,09.0,09.0,06.0,06.0,08.0,08.0,08.0,08.0,06.0,06.0,09.0,09.0,09.0,09.0,06.0,06.0,09.0,09.0,06.0,06.0,05.0,05.0,05.8,05.8,07.8,07.8,07.8,07.8,07.8,07.8,07.8,07.8
d:\hsom\src\data\shanx431.krn 05.2,05.2,07.2,07.2,07.2,07.2,06.0,06.0,11.0,11.0,06.0,06.0,07.0,07.0,07.0,07.0,05.2,05.2,08.0,08.0,06.0,06.0,11.0,11.0,07.0,07.0,07.0,07.0,07.0,07.0,07.0,07.0,05.2,05.2,07.2,07.2,07.2,07.2,06.0,06.0,11.0,11.0,06.0,06.0,07.0,07.0,07.0,07.0,08.0,08.0,06.0,06.0,07.0,07.0,05.0,05.0,05.8,05.8,05.8,05.8,05.8,05.8,05.8,05.8
d:\hsom\src\data\shanx432.krn 07.2,07.2,07.2,07.2,07.2,07.2,07.2,07.2,09.2,09.2,07.2,09.2,07.2,07.2,07.2,07.2,09.2,09.2,07.2,07.2,07.2,07.2,08.0,08.0,05.2,05.2,05.2,05.2,05.2,05.2,05.2,05.2,07.2,07.2,08.0,05.2,07.2,07.2,07.2,07.2,07.2,07.2,05.2,08.0,06.0,06.0,06.0,08.0,05.2,05.2,07.2,07.2,07.2,07.2,08.0,08.0,06.0,06.0,06.0,06.0,06.0,06.0,06.0,06.0
d:\hsom\src\data\shanx434.krn 09.0,09.0,06.0,06.0,08.0,08.0,08.0,08.0,05.2,05.2,05.2,07.2,08.0,08.0,06.0,06.0,07.0,07.0,09.0,09.0,08.0,08.0,06.0,06.0,09.0,09.0,09.0,09.0,09.0,09.0,09.0,09.0,09.0,09.0,06.0,06.0,08.0,08.0,08.0,08.0,05.2,05.2,05.2,07.2,08.0,08.0,06.0,06.0,07.0,07.0,09.0,09.0,08.0,08.0,06.0,06.0,07.8,07.8,07.8,07.8,07.8,07.8,07.8,07.8
d:\hsom\src\data\shanx435.krn 08.0,08.0,08.0,08.0,05.2,05.2,09.2,09.2,06.0,06.0,09.0,09.0,07.0,07.0,05.0,05.0,08.0,08.0,08.0,08.0,05.2,05.2,09.2,09.2,07.2,07.2,07.2,07.2,07.2,07.2,07.2,07.2,08.0,08.0,08.0,08.0,05.2,05.2,09.2,09.2,06.0,06.0,09.0,09.0,07.0,07.0,05.0,05.0,08.0,08.0,08.0,08.0,05.2,05.2,09.2,09.2,06.0,06.0,06.0,06.0,06.0,06.0,06.0,06.0
d:\hsom\src\data\shanx436.krn 07.2,07.2,08.0,08.0,07.2,07.2,07.2,07.2,08.0,08.0,07.2,07.2,08.0,08.0,06.0,06.0,04.0,04.0,07.0,07.0,06.0,06.0,08.0,08.0,07.0,07.0,07.0,07.0,07.0,07.0,07.0,07.0,07.2,07.2,08.0,08.0,07.2,07.2,07.2,07.2,08.0,08.0,07.2,07.2,08.0,08.0,06.0,06.0,04.0,04.0,07.0,07.0,06.0,06.0,08.0,08.0,06.0,06.0,06.0,06.0,06.0,06.0,06.0,06.0
d:\hsom\src\data\shanx437.krn 06.0,06.0,06.0,05.2,06.0,06.0,06.0,06.0,09.0,09.0,05.8,05.8,05.8,05.8,05.0,05.0,06.0,06.0,06.0,05.2,06.0,06.0,09.0,09.0,07.0,07.0,07.0,07.0,07.0,07.0,07.0,07.0,06.0,06.0,06.0,05.2,06.0,06.0,06.0,06.0,09.0,09.0,05.8,05.8,05.8,05.8,05.0,05.0,07.0,07.0,07.0,06.0,09.0,09.0,07.8,07.8,05.8,05.8,05.8,05.8,05.8,05.8,05.8,05.8
d:\hsom\src\data\shanx439.krn 07.0,07.0,00.0,07.0,07.8,07.8,07.8,07.8,07.0,07.0,00.0,07.0,07.8,07.8,07.8,07.8,09.0,09.0,09.0,09.0,09.0,09.0,06.0,06.0,08.0,08.0,08.0,08.0,08.0,08.0,08.0,08.0,09.0,09.0,09.0,09.2,09.0,09.0,09.0,09.0,00.0,00.0,07.0,07.0,05.0,05.0,07.0,07.0,08.0,08.0,08.0,08.0,05.0,05.0,09.8,09.8,07.8,07.8,07.8,07.8,07.8,07.8,07.8,07.8
d:\hsom\src\data\shanx442.krn 09.2,09.2,09.2,07.2,05.2,05.2,08.0,08.0,05.2,05.2,07.2,07.2,07.2,07.2,09.2,09.2,07.2,07.2,07.2,05.2,08.0,08.0,06.0,06.0,08.0,06.0,09.0,09.0,07.0,07.0,07.0,07.0,09.2,09.2,09.2,07.2,05.2,05.2,08.0,08.0,05.2,05.2,07.2,07.2,07.2,07.2,09.2,09.2,07.2,07.2,07.2,05.2,08.0,08.0,06.0,06.0,08.0,06.0,09.0,09.0,06.0,06.0,06.0,06.0
d:\hsom\src\data\shanx443.krn 08.0,08.0,08.0,09.0,08.2,08.2,09.2,08.2,08.0,08.0,06.0,09.0,07.0,05.0,05.0,07.0,09.0,09.0,07.2,07.2,05.2,07.2,09.2,06.2,08.0,08.0,08.0,09.0,08.0,08.0,08.0,08.0,08.0,08.0,08.0,09.0,08.2,08.2,09.2,08.2,08.0,08.0,06.0,09.0,07.0,05.0,05.0,07.0,09.0,09.0,07.2,07.2,05.2,05.2,07.2,09.2,08.0,08.0,08.0,08.0,08.0,08.0,08.0,08.0
d:\hsom\src\data\shanx444.krn 08.0,08.0,06.0,06.0,09.0,09.0,09.0,09.0,09.0,09.0,07.0,07.0,07.8,07.8,07.8,07.8,07.8,07.8,08.0,08.0,06.0,06.0,09.0,09.0,08.0,08.0,08.0,08.0,08.0,08.0,08.0,08.0,08.0,08.0,06.0,06.0,09.0,09.0,09.0,09.0,09.0,09.0,07.0,07.0,07.8,07.8,07.8,07.8,07.8,07.8,08.0,08.0,09.0,09.0,05.0,05.0,07.0,07.0,07.0,07.0,07.0,07.0,07.0,07.0
d:\hsom\src\data\shanx447.krn 07.2,07.2,07.2,07.2,07.2,07.2,07.2,07.2,07.2,07.2,09.2,09.2,09.2,09.2,07.2,07.2,05.2,05.2,05.2,05.2,08.0,08.0,09.0,09.0,07.0,07.0,07.0,07.0,07.0,07.0,07.0,07.0,07.2,07.2,07.2,07.2,07.2,07.2,07.2,07.2,07.2,07.2,09.2,09.2,09.2,09.2,07.2,07.2,05.2,05.2,05.2,05.2,07.2,07.2,07.2,07.2,07.2,07.2,05.2,05.2,08.0,08.0,08.0,08.0
d:\hsom\src\data\shanx448.krn 05.2,05.2,05.2,09.2,07.2,07.2,05.2,07.2,09.2,09.2,09.2,08.2,06.2,06.2,09.2,07.2,05.2,05.2,05.2,06.0,08.0,08.0,06.0,09.0,07.0,07.0,07.0,07.0,07.0,07.0,07.0,07.0,05.2,05.2,05.2,09.2,07.2,07.2,05.2,07.2,09.2,09.2,09.2,08.2,06.2,06.2,09.2,07.2,05.2,05.2,05.2,06.0,08.0,08.0,06.0,09.0,06.0,06.0,06.0,06.0,06.0,06.0,06.0,06.0
d:\hsom\src\data\shanx449.krn 08.0,08.0,08.0,08.0,08.0,08.0,08.0,10.0,08.0,08.0,06.0,06.0,09.0,09.0,09.0,09.0,09.0,09.0,06.0,06.0,08.0,08.0,05.2,10.0,08.0,08.0,08.0,08.0,08.0,08.0,08.0,08.0,08.0,08.0,08.0,08.0,08.0,08.0,08.0,10.0,08.0,08.0,06.0,06.0,09.0,09.0,09.0,09.0,09.0,09.0,06.0,06.0,08.0,08.0,06.0,06.0,09.0,09.0,07.0,07.0,07.0,07.0,07.0,07.0
d:\hsom\src\data\shanx450.krn 08.0,08.0,08.0,08.0,08.0,08.0,08.0,08.0,08.0,08.0,06.0,06.0,06.0,06.0,09.0,09.0,09.0,09.0,09.0,09.0,07.0,07.0,07.0,07.0,07.8,07.8,07.8,07.8,07.8,07.8,07.8,07.8,08.0,08.0,08.0,08.0,08.0,08.0,06.0,06.0,09.0,09.0,07.0,07.0,07.0,07.0,05.0,05.0,07.8,07.8,07.8,07.8,07.8,07.8,07.8,07.8,07.0,07.0,07.0,07.0,07.0,07.0,07.0,07.0
d:\hsom\src\data\shanx451.krn 07.2,07.2,07.2,07.2,07.2,07.2,07.2,07.2,09.2,09.2,09.2,09.2,09.2,09.2,07.2,07.2,05.2,05.2,05.2,05.2,08.0,08.0,06.0,06.0,09.0,09.0,09.0,09.0,09.0,09.0,09.0,09.0,07.2,07.2,07.2,07.2,07.2,07.2,07.2,07.2,09.2,09.2,09.2,09.2,09.2,09.2,07.2,07.2,05.2,05.2,08.0,08.0,09.0,09.0,09.0,09.0,07.2,07.2,05.2,08.0,06.0,06.0,08.0,08.0
d:\hsom\src\data\shanx452.krn 07.2,07.2,07.2,07.2,05.2,05.2,08.0,08.0,05.2,05.2,05.2,05.2,08.0,08.0,08.0,08.0,08.0,08.0,08.0,08.0,07.0,07.0,07.0,07.0,07.2,07.2,07.2,07.2,07.2,07.2,07.2,07.2,07.2,07.2,05.2,05.2,05.2,05.2,08.0,08.0,05.2,05.2,05.2,05.2,08.0,08.0,08.0,08.0,08.0,08.0,08.0,08.0,07.0,07.0,07.0,07.0,06.0,06.0,06.0,06.0,06.0,06.0,06.0,06.0
d:\hsom\src\data\shanx457.krn 07.0,07.0,05.0,05.0,07.0,07.0,07.0,07.0,07.0,07.0,06.0,06.0,04.0,04.0,06.0,06.0,07.0,07.0,07.0,07.0,05.0,05.0,07.0,07.0,06.0,06.0,09.0,07.0,05.0,05.0,05.8,05.8,05.0,05.0,05.8,05.8,05.0,05.0,05.0,05.0,07.0,07.0,09.0,09.0,07.0,07.0,05.0,05.0,07.8,07.8,05.8,07.8,05.0,05.0,07.8,07.8,05.8,05.8,05.8,05.8,05.8,05.8,05.8,05.8
d:\hsom\src\data\shanx460.krn 09.0,09.0,09.0,09.0,09.0,09.0,09.0,09.0,09.0,09.0,05.2,05.2,08.0,08.0,05.2,05.2,09.0,09.0,06.0,06.0,09.0,09.0,07.0,07.0,05.0,05.0,09.8,09.8,07.8,07.8,05.8,05.8,05.0,05.0,05.0,05.0,05.0,05.0,07.0,07.0,09.0,09.0,09.0,09.0,09.0,09.0,06.0,06.0,08.0,08.0,05.2,05.2,08.0,08.0,09.0,09.0,07.0,07.0,07.0,07.0,07.0,07.0,07.0,07.0
d:\hsom\src\data\shanx483.krn 07.0,07.0,06.0,06.0,06.0,06.0,04.0,07.0,05.0,05.0,07.0,07.0,07.0,07.0,07.0,07.0,06.0,06.0,08.0,08.0,06.0,06.0,04.0,07.0,05.0,05.0,05.0,07.8,05.8,07.8,05.8,05.8,05.0,05.0,05.0,05.0,05.0,05.0,07.0,07.0,06.0,06.0,07.0,07.0,07.0,07.0,05.8,05.8,05.0,05.0,07.0,07.0,05.8,05.8,05.8,03.8,06.8,06.8,06.8,06.8,06.8,06.8,06.8,06.8
d:\hsom\src\data\shanx486.krn 06.0,06.0,09.0,09.0,06.0,06.0,06.0,06.0,06.0,06.0,05.2,05.2,09.0,09.0,07.0,07.0,06.0,06.0,06.0,06.0,05.2,05.2,09.0,09.0,07.0,07.0,05.0,05.0,07.8,07.8,05.8,05.8,07.0,07.0,07.0,07.0,09.0,09.0,07.0,07.0,05.0,05.0,05.0,05.0,07.0,07.0,07.0,07.0,05.2,05.2,05.2,05.2,08.0,08.0,04.0,04.0,06.0,06.0,06.0,06.0,06.0,06.0,06.0,06.0
d:\hsom\src\data\shanx487.krn 08.0,08.0,06.0,08.0,09.0,09.0,07.0,09.0,06.0,06.0,06.0,06.0,06.0,06.0,06.0,06.0,08.0,08.0,06.0,08.0,09.0,09.0,07.0,09.0,07.8,07.8,07.8,07.8,07.8,07.8,07.8,07.8,05.0,07.8,05.0,07.0,09.0,09.0,09.0,06.0,07.0,07.0,07.0,07.0,07.0,07.0,07.0,07.0,09.0,09.0,09.0,07.8,05.0,05.0,05.0,07.8,05.8,05.8,05.8,05.8,05.8,05.8,05.8,05.8
d:\hsom\src\data\shanx495.krn 06.0,06.0,08.0,06.0,08.0,06.0,09.0,07.0,07.0,05.0,07.0,09.0,06.0,08.0,06.0,07.0,07.0,06.0,06.0,05.0,07.0,05.0,09.8,07.8,07.8,05.8,05.0,05.8,05.8,05.8,05.8,05.8,05.0,05.0,07.0,09.0,05.0,05.0,09.8,07.8,05.8,05.8,06.0,06.0,04.0,04.0,09.0,07.0,06.0,08.0,06.0,05.0,07.0,05.0,09.8,07.8,05.8,05.8,07.8,05.0,05.8,05.8,05.8,05.8
d:\hsom\src\data\shanx504.krn 07.2,07.2,07.2,07.2,07.2,07.2,07.2,07.2,09.2,09.2,09.2,09.2,09.2,09.2,09.2,09.2,08.0,08.0,08.0,08.0,08.0,08.0,07.2,07.2,05.2,05.2,05.2,08.0,06.0,06.0,06.0,06.0,07.2,07.2,07.2,07.2,07.2,07.2,09.2,09.2,05.2,05.2,05.2,08.0,06.0,06.0,06.0,06.0,05.2,05.2,08.0,08.0,06.0,06.0,06.0,09.0,07.0,07.0,07.0,07.0,07.0,07.0,07.0,07.0
d:\hsom\src\data\shanx509.krn 07.0,07.0,05.0,07.8,05.8,05.8,09.0,08.0,06.0,06.0,06.0,06.0,06.0,06.0,08.0,08.0,05.2,05.2,05.2,08.0,06.0,08.0,09.0,07.0,05.0,05.0,05.0,05.0,05.0,05.0,07.8,07.8,07.0,09.0,06.0,06.0,06.0,06.0,05.2,05.2,06.0,08.0,09.0,07.0,05.0,05.0,07.8,07.8,09.0,07.0,09.0,09.0,07.0,07.0,05.0,07.8,05.8,05.8,05.8,05.8,05.8,05.8,05.8,05.8
d:\hsom\src\data\shanx524.krn 06.0,06.0,06.0,06.0,09.0,09.0,06.0,06.0,08.0,08.0,06.0,06.0,07.0,07.0,07.0,07.0,06.0,06.0,08.0,08.0,06.0,06.0,09.0,09.0,07.0,07.0,05.0,05.0,05.8,05.8,05.8,05.8,05.0,05.0,07.0,07.0,09.0,09.0,06.0,06.0,07.0,07.0,09.0,09.0,05.8,05.8,05.8,05.8,05.0,05.0,05.0,05.0,07.0,07.0,07.8,07.8,05.8,05.8,05.8,05.8,05.8,05.8,05.8,05.8
d:\hsom\src\data\shanx532.krn 06.0,06.0,08.0,08.0,07.0,07.0,07.0,07.0,06.0,06.0,08.0,08.0,07.0,07.0,07.0,07.0,06.0,06.0,09.0,06.0,08.0,08.0,05.2,05.2,07.0,07.0,05.0,05.0,07.8,07.8,07.8,07.8,07.0,07.0,07.0,09.0,06.0,06.0,06.0,06.0,07.8,07.8,05.8,05.8,03.8,03.8,03.8,03.8,07.8,07.8,03.8,03.8,07.8,05.8,03.8,07.8,05.8,05.8,05.8,05.8,05.8,05.8,05.8,05.8
d:\hsom\src\data\shanx534.krn 05.2,05.2,05.2,08.0,06.0,06.0,06.0,06.0,08.0,08.0,09.0,09.0,07.0,07.0,07.0,07.0,05.2,05.2,05.2,08.0,06.0,06.0,09.0,09.0,07.0,09.0,07.0,05.0,07.8,07.8,07.8,07.8,08.0,08.0,08.0,08.0,10.0,10.0,08.0,08.0,07.0,07.0,09.0,07.0,07.8,07.8,07.8,07.8,07.0,07.0,07.0,09.0,06.0,06.0,09.8,09.8,07.8,07.8,05.8,05.8,07.8,07.8,07.8,07.8
d:\hsom\src\data\shanx537.krn 06.0,06.0,06.0,06.0,06.0,06.0,05.2,05.2,08.0,08.0,06.0,06.0,09.0,09.0,07.0,07.0,08.0,08.0,06.0,06.0,06.0,06.0,09.0,07.0,05.0,05.0,05.0,05.0,05.0,05.0,05.0,05.0,07.8,07.8,06.0,06.0,06.0,06.0,09.0,07.0,06.0,06.0,07.0,05.0,05.8,05.8,05.8,05.8,06.0,06.0,07.0,07.0,07.0,07.0,05.0,07.8,05.8,05.8,05.8,05.8,05.8,05.8,05.8,05.8
d:\hsom\src\data\shanx539.krn 09.0,09.0,06.0,06.0,07.8,07.8,07.8,07.8,09.0,09.0,06.0,06.0,08.0,08.0,08.0,08.0,09.0,09.0,09.0,07.0,07.0,07.0,09.0,09.0,08.0,08.0,08.0,08.0,08.0,08.0,08.0,08.0,09.0,09.0,06.0,06.0,07.8,07.8,07.8,07.8,09.0,09.0,06.0,06.0,08.0,08.0,08.0,08.0,09.0,09.0,06.0,06.0,08.0,08.0,09.0,09.0,07.0,07.0,07.0,07.0,07.0,07.0,07.0,07.0
d:\hsom\src\data\shanx542.krn 05.2,05.2,05.2,08.0,06.0,06.0,08.0,08.0,05.2,05.2,05.2,05.2,05.2,05.2,05.2,05.2,05.2,05.2,05.2,07.2,09.2,09.2,09.2,09.2,06.2,06.2,06.2,06.2,06.2,06.2,06.2,06.2,05.2,05.2,09.0,09.0,07.2,07.2,07.2,09.2,09.2,09.2,06.0,08.0,05.2,05.2,05.2,05.2,05.2,05.2,09.2,09.2,07.2,07.2,07.2,08.0,06.0,06.0,06.0,06.0,06.0,06.0,06.0,06.0
d:\hsom\src\data\shanx548.krn 06.0,06.0,06.0,06.0,06.0,06.0,05.2,05.2,06.0,06.0,06.0,06.0,06.0,06.0,09.0,09.0,07.0,07.0,07.0,07.0,07.0,07.0,06.0,06.0,07.0,07.0,07.0,07.0,07.0,07.0,07.0,07.0,05.0,05.0,07.0,07.0,07.0,07.0,06.0,06.0,05.0,05.0,09.8,09.8,09.8,09.8,07.8,07.8,05.8,05.8,05.0,05.0,05.0,05.0,07.0,07.0,05.8,05.8,05.8,05.8,05.8,05.8,05.8,05.8
d:\hsom\src\data\shanx552.krn 07.2,07.2,07.2,07.2,07.2,07.2,07.2,07.2,07.2,07.2,09.2,09.2,05.2,05.2,05.2,05.2,07.2,07.2,07.2,07.2,07.2,07.2,07.2,07.2,07.2,07.2,09.2,09.2,05.2,05.2,05.2,05.2,05.2,05.2,08.0,08.0,06.0,06.0,09.0,09.0,08.0,08.0,08.0,08.0,05.2,05.2,08.0,08.0,06.0,06.0,06.0,06.0,06.0,06.0,09.0,09.0,07.0,07.0,07.0,07.0,07.0,07.0,07.0,07.0
d:\hsom\src\data\shanx558.krn 05.0,05.0,07.0,09.0,05.0,05.0,09.8,07.8,06.0,06.0,08.0,05.2,06.0,06.0,06.0,06.0,06.0,06.0,08.0,08.0,05.2,05.2,06.0,09.0,06.0,06.0,07.0,09.0,07.0,07.0,07.0,07.0,06.0,06.0,07.0,09.0,06.0,09.8,09.8,09.8,07.8,05.0,07.0,09.0,05.0,05.0,05.0,05.0,05.0,05.0,07.0,09.0,09.0,09.0,05.0,07.8,05.8,05.8,07.8,05.0,05.8,05.8,05.8,05.8
d:\hsom\src\data\shanx559.krn 06.0,06.0,04.0,04.0,06.0,06.0,06.0,08.0,07.0,07.0,07.0,07.0,05.8,05.8,05.8,05.8,06.0,06.0,04.0,04.0,06.0,06.0,06.0,08.0,05.8,05.8,05.8,05.8,05.8,05.8,05.8,05.8,08.0,08.0,04.0,04.0,06.0,06.0,06.0,06.0,07.0,07.0,07.0,07.0,05.8,05.8,05.8,05.8,06.0,06.0,06.0,04.0,07.0,07.0,06.0,06.0,05.0,05.0,05.0,05.0,05.0,05.0,05.0,05.0
d:\hsom\src\data\shanx560.krn 08.0,08.0,08.0,08.0,09.0,09.0,06.0,06.0,08.0,08.0,08.0,08.0,08.0,08.0,08.0,08.0,07.2,07.2,07.2,07.2,08.0,08.0,05.2,05.2,06.0,06.0,04.0,04.0,07.0,07.0,07.0,07.0,07.2,07.2,04.2,04.2,07.2,07.2,05.2,05.2,03.0,03.0,03.0,03.0,03.0,03.0,05.2,05.2,08.0,08.0,06.0,06.0,04.0,04.0,08.0,08.0,06.0,06.0,06.0,06.0,06.0,06.0,06.0,06.0
d:\hsom\src\data\shanx563.krn 07.0,07.0,09.0,09.0,07.0,09.0,07.0,05.0,07.0,09.0,07.8,07.8,07.8,07.8,07.8,07.8,07.0,07.0,07.0,07.0,08.8,08.8,08.8,05.8,07.8,07.8,07.8,07.0,07.8,07.8,07.8,07.8,07.8,07.8,07.0,07.0,07.0,09.0,07.0,07.8,05.0,05.0,07.8,05.8,03.8,03.8,03.8,05.8,07.8,07.8,07.8,07.8,05.0,05.0,05.0,03.8,06.8,06.8,06.8,06.8,06.8,06.8,06.8,06.8
d:\hsom\src\data\shanx565.krn 09.2,09.2,09.2,09.2,09.2,09.2,06.2,06.2,05.2,05.2,05.2,05.2,07.2,07.2,09.2,09.2,07.2,07.2,05.2,05.2,08.0,08.0,06.0,06.0,09.0,09.0,09.0,09.0,09.0,09.0,09.0,09.0,09.2,09.2,09.2,09.2,09.2,09.2,06.2,06.2,05.2,05.2,05.2,05.2,07.2,07.2,09.2,09.2,07.2,07.2,05.2,05.2,08.0,08.0,08.0,08.0,06.0,06.0,06.0,06.0,06.0,06.0,06.0,06.0
d:\hsom\src\data\shanx569.krn 06.0,06.0,06.0,09.0,07.0,07.0,07.0,09.0,05.0,05.0,07.8,07.8,07.0,07.0,07.0,07.0,06.0,06.0,09.0,07.0,06.0,06.0,09.0,07.0,05.0,05.0,05.0,07.8,07.0,07.0,07.0,07.0,06.0,06.0,06.0,06.0,06.0,06.0,06.0,06.0,07.8,07.8,07.0,07.0,07.0,05.0,09.8,07.8,05.8,05.8,05.8,05.8,07.0,07.0,09.8,07.8,05.8,05.8,05.8,05.8,05.8,05.8,05.8,05.8
d:\hsom\src\data\shanx571.krn 06.0,06.0,06.0,06.0,06.0,06.0,08.0,08.0,06.0,06.0,06.0,06.0,04.0,04.0,07.0,07.0,06.0,06.0,06.0,06.0,06.0,06.0,05.2,05.2,06.0,06.0,06.0,06.0,06.0,06.0,06.0,06.0,06.0,06.0,06.0,06.0,07.0,07.0,09.0,09.0,05.0,05.0,05.0,05.0,09.8,09.8,07.8,07.8,05.8,05.8,05.8,05.8,07.8,07.8,05.0,05.0,05.8,05.8,05.8,05.8,05.8,05.8,05.8,05.8
d:\hsom\src\data\shanx581.krn 05.0,05.0,09.0,09.0,07.0,07.0,07.0,07.0,05.0,05.0,09.0,09.0,07.0,07.0,07.0,07.0,05.0,05.0,07.0,07.0,09.0,09.0,09.0,09.0,05.0,05.0,08.8,08.8,05.8,05.8,05.8,05.8,06.0,06.0,06.0,06.0,08.0,08.0,08.0,08.0,07.0,07.0,07.0,09.0,05.0,05.0,05.0,05.0,07.8,07.8,05.8,07.8,07.8,07.8,08.8,06.8,04.8,04.8,04.8,04.8,04.8,04.8,04.8,04.8
d:\hsom\src\data\shanx582.krn 05.0,05.0,05.0,05.0,05.0,05.0,05.0,05.0,08.0,08.0,05.2,05.2,08.0,08.0,06.0,06.0,08.0,08.0,05.2,05.2,06.0,06.0,09.0,09.0,07.0,07.0,05.0,05.0,07.0,07.0,07.0,07.0,05.2,05.2,08.0,08.0,06.0,06.0,06.0,06.0,05.8,05.8,07.8,07.8,05.0,05.0,05.0,05.0,07.0,07.0,07.0,09.0,05.0,05.0,07.8,07.8,05.8,05.8,05.8,05.8,05.8,05.8,05.8,05.8
d:\hsom\src\data\shanx600.krn 06.0,06.0,08.0,08.0,06.0,06.0,06.0,06.0,08.0,08.0,05.2,05.2,09.0,09.0,07.0,07.0,06.0,06.0,06.0,06.0,09.0,09.0,06.0,06.0,07.0,07.0,05.0,05.0,07.8,07.8,05.8,05.8,07.0,07.0,07.0,07.0,09.0,09.0,07.0,07.0,05.0,05.0,07.0,05.0,07.8,07.8,07.8,07.8,05.2,05.2,05.2,05.2,08.0,08.0,09.0,09.0,06.0,06.0,06.0,06.0,06.0,06.0,06.0,06.0
d:\hsom\src\data\shanx603.krn 05.0,05.0,05.0,05.0,07.8,07.8,05.0,05.0,07.0,07.0,07.0,07.0,05.0,05.0,07.0,07.0,07.8,07.8,07.8,07.8,05.8,05.8,08.8,08.8,05.8,05.8,05.8,05.8,07.8,07.8,07.8,07.8,07.0,07.0,09.0,09.0,06.0,06.0,06.0,06.0,06.0,06.0,09.0,09.0,07.0,07.0,09.0,09.0,07.0,07.0,05.0,05.0,07.8,07.8,05.0,05.0,05.8,05.8,05.8,05.8,05.8,05.8,05.8,05.8
d:\hsom\src\data\shanx617.krn 07.0,07.0,07.0,07.0,05.0,05.0,07.0,07.0,06.0,06.0,06.0,06.0,05.2,05.2,05.2,05.2,07.0,07.0,07.0,07.0,05.0,05.0,09.8,09.8,05.8,05.8,05.8,05.8,05.8,05.8,05.8,05.8,05.0,05.0,05.0,07.0,09.0,09.0,09.0,09.0,07.0,07.0,07.0,07.0,05.0,05.0,09.8,09.8,05.8,08.8,05.8,05.8,09.8,07.0,09.8,09.8,05.8,05.8,05.8,05.8,05.8,05.8,05.8,05.8
d:\hsom\src\data\shanx619.krn 05.0,05.0,07.0,07.0,08.0,08.0,06.0,06.0,07.0,07.0,07.0,07.0,04.0,04.0,06.0,06.0,07.0,07.0,05.0,05.0,05.8,05.8,05.0,05.0,05.0,05.0,05.0,05.0,07.0,07.0,07.0,07.0,06.0,06.0,06.0,06.0,08.0,05.2,08.0,06.0,04.0,04.0,04.0,04.0,07.0,07.0,05.2,05.2,08.0,08.0,06.0,06.0,04.0,04.0,07.0,07.0,05.0,05.0,05.0,05.0,05.0,05.0,05.0,05.0
d:\hsom\src\data\shanx631.krn 07.0,07.0,06.0,06.0,06.0,06.0,09.0,07.0,05.0,05.0,09.0,09.0,07.0,07.0,07.0,07.0,05.2,05.2,05.2,08.0,06.0,06.0,09.0,09.0,05.0,05.0,05.0,07.8,05.8,07.8,05.8,05.8,07.8,07.8,05.0,05.0,07.0,07.0,06.0,06.0,09.0,06.0,07.0,07.0,07.0,07.0,05.0,05.0,07.8,07.8,07.8,05.0,05.8,07.8,05.8,08.8,06.8,06.8,06.8,06.8,06.8,06.8,06.8,06.8
d:\hsom\src\data\shanx632.krn 06.0,06.0,08.0,06.0,09.0,09.0,06.0,06.0,06.0,06.0,07.0,07.0,07.0,07.0,07.0,07.0,05.2,05.2,08.0,06.0,04.0,04.0,06.0,06.0,05.0,05.0,05.8,05.8,05.8,05.8,07.8,05.8,05.0,05.0,05.0,05.0,05.0,05.0,07.0,07.0,06.0,06.0,07.0,07.0,07.0,07.0,05.0,05.0,07.0,07.0,05.0,05.0,05.8,05.8,03.8,03.8,06.8,06.8,06.8,06.8,06.8,06.8,06.8,06.8
d:\hsom\src\data\shanx635.krn 06.0,06.0,06.0,06.0,06.0,06.0,06.0,06.0,08.0,08.0,08.0,08.0,06.0,06.0,06.0,06.0,07.0,07.0,09.0,09.0,07.0,07.0,05.0,05.0,03.0,03.0,03.0,03.0,03.0,03.0,03.0,03.0,07.0,07.0,07.0,07.0,06.0,06.0,06.0,06.0,09.8,09.8,09.8,09.8,05.0,05.0,05.0,05.0,07.0,07.0,04.0,04.0,07.0,07.0,09.8,09.8,05.0,05.0,05.0,05.0,05.0,05.0,05.0,05.0
d:\hsom\src\data\shanx636.krn 05.2,05.2,05.2,09.0,06.0,06.0,06.0,06.0,05.2,05.2,05.2,09.0,06.0,06.0,06.0,06.0,07.2,07.2,07.2,09.2,07.2,05.2,08.0,08.0,06.0,06.0,06.0,07.0,06.0,06.0,06.0,06.0,07.2,09.2,07.2,05.2,07.2,09.2,07.2,05.2,06.0,06.0,08.0,06.0,04.0,04.0,07.0,07.0,05.2,05.2,05.2,06.0,05.2,09.0,09.0,07.0,05.0,05.0,05.0,05.0,05.0,05.0,05.0,05.0
d:\hsom\src\data\shanx650.krn 07.0,07.0,07.0,07.0,07.0,07.0,06.0,06.0,04.0,04.0,09.0,09.0,07.0,07.0,07.0,07.0,06.0,06.0,09.8,09.8,07.0,07.0,09.0,09.0,09.8,09.8,07.8,07.8,05.8,05.8,05.8,05.8,07.0,07.0,07.0,07.0,07.0,07.0,06.0,06.0,09.8,09.8,07.8,07.8,05.8,05.8,05.8,05.8,09.8,09.8,07.8,07.8,05.8,05.8,06.8,06.8,05.8,05.8,05.8,05.8,05.8,05.8,05.8,05.8
d:\hsom\src\data\shanx672.krn 06.0,06.0,08.0,06.0,09.0,09.0,09.0,09.0,05.2,05.2,09.2,09.2,07.2,07.2,09.2,09.2,06.0,06.0,05.2,05.2,08.0,08.0,06.0,06.0,09.0,09.0,07.0,07.0,09.0,09.0,09.0,09.0,07.2,07.2,05.2,05.2,07.2,07.2,07.2,07.2,09.2,09.2,07.2,05.2,06.0,06.0,06.0,06.0,05.2,05.2,07.2,05.2,08.0,06.0,09.0,09.0,06.0,06.0,06.0,06.0,06.0,06.0,06.0,06.0
d:\hsom\src\data\shanx676.krn 05.2,05.2,08.0,08.0,06.0,06.0,06.0,06.0,05.2,05.2,05.2,07.2,09.2,09.2,09.2,09.2,07.2,07.2,07.2,05.2,07.2,09.2,07.2,05.2,10.0,10.0,10.0,10.0,10.0,10.0,10.0,10.0,05.2,05.2,05.2,08.0,06.0,06.0,06.0,06.0,05.2,05.2,05.2,07.2,09.2,09.2,09.2,09.2,07.2,07.2,05.2,05.2,07.2,05.2,08.0,08.0,06.0,06.0,06.0,06.0,06.0,06.0,06.0,06.0
d:\hsom\src\data\shanx683.krn 06.0,06.0,06.0,06.0,09.0,09.0,07.0,09.0,06.0,06.0,07.0,09.0,06.0,06.0,06.0,06.0,05.0,05.0,05.0,07.0,06.0,08.0,06.0,09.0,07.0,09.0,07.0,07.8,05.8,05.8,05.8,05.8,05.0,05.0,05.0,07.0,06.0,08.0,06.0,09.0,06.0,06.0,07.0,09.0,07.0,07.0,07.8,07.8,05.0,05.0,05.0,07.0,05.0,07.8,05.8,06.8,05.8,05.8,05.8,05.8,05.8,05.8,05.8,05.8
d:\hsom\src\data\shanx686.krn 06.0,06.0,06.0,06.0,07.0,07.0,07.0,07.0,04.0,04.0,08.0,08.0,08.0,08.0,08.0,08.0,06.0,06.0,06.0,06.0,04.0,04.0,06.0,06.0,07.0,07.0,07.0,07.8,05.8,05.8,05.8,05.8,07.0,07.0,07.0,09.0,06.0,06.0,06.0,06.0,08.0,08.0,08.0,08.0,07.0,07.0,07.0,07.0,07.8,07.8,05.8,07.8,09.8,09.8,07.8,07.8,05.8,05.8,05.8,05.8,05.8,05.8,05.8,05.8
d:\hsom\src\data\shanx689.krn 06.0,06.0,06.0,06.0,07.0,07.0,07.0,07.0,06.0,06.0,06.0,06.0,07.0,07.0,07.0,07.0,04.0,04.0,04.0,04.0,06.0,06.0,07.0,07.0,05.0,05.0,05.0,09.8,05.8,05.8,05.8,05.8,05.2,05.2,04.0,04.0,06.0,06.0,06.0,06.0,07.0,07.0,04.0,04.0,04.0,04.0,07.0,07.0,04.0,04.0,04.0,07.0,07.8,07.8,05.8,05.8,03.8,03.8,03.8,03.8,03.8,03.8,03.8,03.8
d:\hsom\src\data\shanx709.krn 06.2,09.2,09.2,07.2,07.2,07.2,09.2,09.2,07.2,07.2,07.2,07.2,07.2,07.2,07.2,07.2,07.2,07.2,07.2,07.2,08.0,08.0,06.0,06.0,04.0,04.0,04.0,04.0,04.0,04.0,04.0,04.0,07.0,07.0,07.0,07.0,07.0,07.0,07.0,07.0,06.0,06.0,06.0,06.0,08.0,08.0,06.0,06.0,07.2,07.2,07.2,07.2,08.0,08.0,04.0,04.0,06.0,06.0,06.0,06.0,06.0,06.0,06.0,06.0
d:\hsom\src\data\shanx711.krn 07.0,07.0,06.0,06.0,08.0,08.0,06.0,06.0,07.8,07.8,07.8,05.0,07.0,07.0,07.0,07.0,07.0,07.0,06.0,06.0,08.0,08.0,06.0,06.0,05.0,05.0,05.0,07.8,05.8,07.8,05.8,05.8,05.0,05.0,05.0,05.0,07.0,07.0,06.0,06.0,06.0,06.0,05.0,05.0,05.0,05.0,07.8,07.8,05.8,05.8,07.8,07.8,05.8,07.8,08.8,08.8,06.8,06.8,06.8,06.8,06.8,06.8,06.8,06.8
d:\hsom\src\data\shanx713.krn 07.2,07.2,07.2,07.2,07.2,07.2,09.2,09.2,07.2,07.2,05.2,05.2,08.0,08.0,06.0,06.0,08.0,08.0,05.2,05.2,07.2,07.2,07.2,07.2,06.0,06.0,06.0,06.0,06.0,06.0,06.0,06.0,08.0,08.0,06.0,06.0,08.0,08.0,07.2,07.2,05.2,05.2,08.0,08.0,06.0,06.0,06.0,06.0,04.0,04.0,06.0,06.0,05.2,05.2,09.0,09.0,07.0,07.0,07.0,07.0,07.0,07.0,07.0,07.0
d:\hsom\src\data\shanx714.krn 05.0,05.0,05.0,09.8,07.8,07.8,05.8,05.8,05.0,05.0,07.0,07.0,09.0,09.0,09.0,09.0,06.0,06.0,06.0,07.0,09.0,09.0,07.0,07.0,05.0,05.0,09.8,09.8,07.8,07.8,05.8,05.8,07.8,07.8,09.0,09.0,07.0,07.0,09.0,09.0,05.8,05.8,05.8,07.8,05.0,05.0,05.0,05.0,07.0,07.0,07.0,05.0,09.8,09.8,07.8,07.8,05.8,05.8,05.8,05.8,05.8,05.8,05.8,05.8
d:\hsom\src\data\shanx724.krn 06.0,06.0,08.0,05.2,06.0,06.0,04.0,09.0,07.0,07.0,09.0,06.0,07.0,07.0,07.0,07.0,05.0,05.0,07.0,09.0,05.0,05.0,09.8,07.8,05.8,05.8,07.8,05.0,05.8,05.8,05.8,05.8,05.8,05.8,05.8,05.8,06.0,06.0,04.0,09.0,07.0,07.0,07.0,07.0,07.0,07.0,06.0,06.0,04.0,04.0,04.0,07.0,05.0,07.0,05.0,07.8,05.8,05.8,07.8,05.0,05.8,05.8,05.8,05.8
d:\hsom\src\data\shanx727.krn 09.0,09.0,09.0,09.0,05.0,05.0,07.0,07.0,06.0,06.0,06.0,06.0,04.0,04.0,09.0,09.0,07.0,07.0,09.0,07.0,07.8,07.8,05.0,05.0,09.8,09.8,07.8,07.8,05.8,05.8,05.8,05.8,07.0,07.0,07.0,07.0,07.8,07.8,05.0,05.0,07.0,07.0,05.0,05.0,09.8,09.8,07.8,07.8,05.8,05.8,05.8,05.8,08.8,08.8,06.8,08.8,05.8,05.8,05.8,05.8,05.8,05.8,05.8,05.8
d:\hsom\src\data\shanx728.krn 06.0,06.0,06.0,06.0,05.2,05.2,08.0,06.0,04.0,04.0,06.0,06.0,07.0,07.0,07.0,07.0,06.0,06.0,06.0,09.0,07.0,07.0,07.0,07.8,05.0,05.0,05.0,05.0,05.0,05.0,05.0,05.0,06.0,06.0,06.0,09.0,07.0,07.0,09.0,09.0,05.0,05.0,05.0,07.8,05.8,05.8,05.8,05.8,05.0,07.0,09.8,07.8,05.8,07.8,05.8,06.8,05.8,05.8,05.8,05.8,05.8,05.8,05.8,05.8
d:\hsom\src\data\shanx735.krn 05.0,05.0,05.0,05.0,09.8,09.8,07.8,07.8,05.0,05.0,05.8,05.8,05.8,05.8,05.8,05.8,05.0,05.0,09.8,09.8,07.8,07.8,05.0,05.0,07.0,07.0,07.0,07.0,07.0,07.0,07.0,07.0,06.0,06.0,08.0,08.0,04.0,04.0,09.0,09.0,06.0,06.0,07.0,07.0,07.0,07.0,09.0,09.0,06.0,06.0,05.0,05.0,09.8,09.8,07.8,07.8,06.0,06.0,06.0,06.0,06.0,06.0,06.0,06.0
d:\hsom\src\data\shanx737.krn 06.0,06.0,06.0,06.0,06.0,06.0,07.0,07.0,06.0,06.0,06.0,06.0,06.0,06.0,08.0,08.0,04.0,04.0,09.0,09.0,06.0,06.0,07.0,07.0,05.0,05.0,05.0,05.0,05.0,05.0,05.0,05.0,07.0,07.0,07.0,07.0,06.0,06.0,09.0,06.0,07.0,07.0,07.0,07.0,06.0,06.0,06.0,06.0,05.0,05.0,05.0,05.0,06.8,06.8,07.8,07.8,05.8,05.8,05.8,05.8,05.8,05.8,05.8,05.8
d:\hsom\src\data\shanx739.krn 05.0,05.0,05.0,05.0,07.8,07.8,05.0,05.0,07.0,07.0,07.0,07.0,07.0,07.0,07.0,07.0,06.0,06.0,06.0,06.0,07.0,07.0,06.0,06.0,05.0,05.0,07.8,07.8,05.8,05.8,05.8,05.8,06.0,06.0,05.2,05.2,08.0,08.0,06.0,06.0,04.0,04.0,04.0,04.0,04.0,04.0,06.0,06.0,07.0,07.0,05.0,05.0,09.8,09.8,05.8,05.8,05.0,05.0,05.0,05.0,05.0,05.0,05.0,05.0
d:\hsom\src\data\shanx744.krn 06.0,08.0,06.0,06.0,06.0,06.0,06.0,06.0,06.0,08.0,09.0,09.0,06.0,06.0,06.0,06.0,09.0,09.0,07.0,05.0,07.0,07.0,09.0,09.0,08.0,08.0,08.0,08.0,08.0,08.0,08.0,08.0,09.0,09.0,05.0,05.0,07.0,07.0,07.0,09.0,09.0,05.0,05.0,05.0,07.0,07.0,07.0,07.0,09.0,09.0,07.8,07.8,07.8,07.8,05.8,05.8,05.0,05.0,05.0,05.0,05.0,05.0,05.0,05.0
d:\hsom\src\data\shanx758.krn 09.0,09.0,07.0,07.0,09.0,09.0,07.0,05.0,07.0,07.0,07.8,05.8,08.8,08.8,08.8,08.8,07.0,07.0,07.0,07.0,07.0,07.0,09.0,09.0,06.0,06.0,07.0,07.0,07.0,07.0,07.0,07.0,06.0,06.0,06.0,08.0,08.0,05.2,08.0,06.0,08.0,06.0,09.0,07.0,05.0,07.8,05.0,05.0,07.0,09.0,07.0,05.0,07.8,05.8,08.8,08.8,05.8,05.8,05.8,07.8,05.8,05.8,05.8,05.8
d:\hsom\src\data\shanx764.krn 06.0,06.0,06.0,06.0,09.0,09.0,06.0,06.0,05.2,05.2,05.2,08.0,06.0,06.0,09.0,09.0,08.0,08.0,08.0,05.2,06.0,06.0,09.0,09.0,07.0,09.0,07.0,05.0,07.0,07.0,07.0,07.0,07.0,07.0,07.0,09.0,05.2,05.2,05.2,08.0,09.0,06.0,09.0,07.0,05.0,05.0,05.0,07.0,09.0,09.0,09.0,09.0,06.0,09.0,07.0,05.0,07.8,07.8,07.8,05.8,07.8,07.8,07.8,07.8
d:\hsom\src\data\shanx774.krn 06.0,06.0,06.0,06.0,08.0,08.0,05.2,09.0,07.0,05.0,07.0,07.0,07.0,07.0,05.2,08.0,06.0,08.0,06.0,09.0,07.0,09.0,07.0,05.8,05.0,05.0,05.0,05.0,05.0,05.0,05.0,05.0,07.0,07.0,06.0,06.0,04.0,04.0,09.0,07.0,05.0,05.0,09.8,07.8,05.8,05.8,06.0,06.0,05.0,05.0,09.8,07.8,05.8,07.8,05.8,06.8,05.8,05.8,05.8,05.8,05.8,05.8,05.8,05.8
d:\hsom\src\data\shanx781.krn 06.0,06.0,08.0,05.2,06.0,06.0,09.0,09.0,08.0,08.0,05.2,05.2,08.0,08.0,06.0,06.0,09.0,09.0,06.0,06.0,09.0,07.0,05.0,05.0,07.0,07.0,07.0,09.0,07.0,07.0,07.0,07.0,06.0,06.0,06.0,09.0,06.0,06.0,08.0,08.0,07.8,05.0,05.8,07.8,05.0,05.0,05.0,07.0,09.0,06.0,09.0,07.0,05.0,07.0,07.8,07.8,05.8,05.8,05.8,05.8,05.8,05.8,05.8,05.8
d:\hsom\src\data\shanx784.krn 06.0,06.0,06.0,08.0,05.2,05.2,10.0,08.0,06.0,08.0,06.0,06.0,06.0,06.0,08.0,08.0,05.2,05.2,10.0,08.0,06.0,08.0,09.0,07.0,05.0,05.0,05.0,05.0,05.0,05.0,09.8,07.8,07.0,09.0,06.0,06.0,06.0,06.0,05.2,05.2,08.0,06.0,09.0,07.0,05.0,05.0,09.8,07.8,06.0,06.0,04.0,09.0,07.0,07.0,09.0,07.8,05.8,05.8,05.8,05.8,05.8,05.8,05.8,05.8
d:\hsom\src\data\shanx793.krn 06.0,06.0,06.0,06.0,05.2,05.2,08.0,08.0,06.0,06.0,06.0,08.0,06.0,06.0,06.0,06.0,06.0,06.0,06.0,06.0,09.2,09.2,09.2,07.2,05.2,05.2,07.2,07.2,05.2,05.2,05.2,05.2,06.0,06.0,09.2,09.2,07.2,07.2,05.2,05.2,07.2,07.2,07.2,07.2,07.2,07.2,07.2,07.2,05.2,05.2,06.0,06.0,08.0,08.0,05.2,05.2,06.0,06.0,06.0,06.0,06.0,06.0,06.0,06.0
d:\hsom\src\data\shanx795.krn 05.2,05.2,09.2,09.2,07.2,07.2,09.2,09.2,05.2,05.2,09.2,09.2,07.2,07.2,09.2,09.2,05.2,05.2,10.0,10.0,08.0,08.0,05.2,05.2,08.0,08.0,09.0,09.0,06.0,06.0,06.0,06.0,06.0,06.0,06.0,06.0,06.0,06.0,09.2,09.2,07.2,07.2,09.2,09.2,05.2,05.2,10.0,10.0,08.0,08.0,06.0,06.0,06.0,06.0,07.0,07.0,05.0,05.0,05.0,05.0,05.0,05.0,05.0,05.0
d:\hsom\src\data\shanx799.krn 06.0,06.0,06.0,06.0,06.0,06.0,09.0,07.0,06.0,06.0,06.0,06.0,06.0,06.0,08.0,08.0,04.0,04.0,09.0,09.0,06.0,06.0,07.0,09.0,05.0,05.0,09.8,09.8,07.8,07.8,05.8,05.8,05.0,05.0,05.0,07.0,09.0,09.0,06.0,06.0,07.0,07.0,07.0,07.0,09.0,09.0,09.0,09.0,07.0,07.0,05.0,05.0,09.8,09.8,07.8,07.8,05.8,05.8,05.8,05.8,05.8,05.8,05.8,05.8
